1676100, 1
4467200, 6
21200, 12
20000, 12
10500, 15
15300, 16
10400, 14
9600, 17
20400, 17
11200, 18
17500, 19
17200, 19
17300, 20
12700, 20
20000, 21
11100, 20
14600, 22
9000, 17
24800, 22
21000, 21
30700, 22
12500, 21
11600, 21
18400, 22
13000, 21
11700, 23
31300, 24
52000, 22
23800, 24
22000, 24
13200, 25
14500, 23
24200, 23
12300, 23
19000, 24
33800, 26
14100, 25
12400, 23
13400, 27
24300, 24
40000, 27
16300, 24
21900, 26
20400, 26
33000, 24
23500, 25
21600, 26
35700, 25
19600, 25
28300, 27
12800, 26
11700, 26
11300, 26
20700, 27
11900, 26
28800, 27
11900, 26
13300, 26
10600, 26
10600, 26
26600, 26
9600, 26
18100, 27
9900, 26
16800, 27
28900, 29
20800, 28
22800, 30
60900, 31
25200, 27
21000, 28
14800, 28
24700, 27
13600, 29
13500, 27
17200, 29
29400, 28
15000, 29
9100, 28
8600, 26
15800, 26
8200, 28
8000, 28
17100, 29
9900, 30
15700, 27
8600, 28
8400, 30
7700, 28
15700, 29
11600, 30
18700, 31
9100, 28
16000, 29
9100, 28
15800, 30
8500, 30
8200, 28
11700, 29
12600, 29
14100, 29
12700, 28
12800, 29
13900, 29
15600, 31
12200, 29
11400, 30
20500, 31
8900, 28
18400, 31
9100, 28
18300, 31
9600, 30
9300, 30
8900, 32
8500, 28
29700, 32
10200, 31
15800, 30
14000, 30
9200, 29
14900, 28
9000, 31
8900, 31
8200, 29
8200, 29
13000, 30
16400, 31
12700, 31
8100, 29
16300, 32
17600, 32
17800, 30
9200, 31
8500, 29
8300, 29
8000, 29
25800, 34
12800, 30
17800, 34
12700, 30
10700, 29
9300, 31
8300, 31
8500, 33
8500, 33
9400, 31
8200, 31
14000, 30
8900, 29
15100, 31
10200, 30
22800, 33
17300, 30
6100, 29
9000, 30
20000, 30
17200, 32
17700, 30
8600, 33
27200, 30
14600, 30
43500, 34
13200, 31
20700, 32
10100, 33
41300, 32
13800, 29
8500, 31
19500, 32
26200, 34
9000, 33
13900, 32
13100, 32
13800, 34
11700, 34
16900, 32
8200, 35
7200, 31
8800, 31
7700, 31
13200, 32
14800, 33
8200, 33
9100, 33
7900, 35
14500, 34
10600, 31
13300, 33
16100, 32
9000, 31
28700, 35
23800, 34
36400, 32
9900, 31
9600, 29
7500, 33
7500, 31
8000, 33
8200, 31
23500, 34
8800, 33
27200, 35
14500, 34
37400, 36
15300, 32
14800, 34
9100, 31
22100, 34
8300, 31
15600, 32
23100, 36
10200, 31
12600, 35
33500, 35
7900, 31
7300, 35
6800, 33
24000, 36
7800, 33
11800, 34
10400, 34
8100, 35
11900, 32
10100, 32
27600, 30
13400, 36
14100, 34
16500, 31
12200, 34
16500, 34
12200, 32
8200, 33
32800, 29
9100, 33
11200, 32
7200, 33
7400, 33
6200, 31
8100, 33
7500, 33
13700, 36
22800, 33
10900, 33
7300, 33
30500, 37
5400, 34
4400, 30
4200, 32
15000, 33
5800, 32
13300, 35
10700, 31
14600, 33
6600, 34
11800, 34
11000, 33
14300, 35
9700, 30
12200, 31
18600, 32
5900, 32
7400, 34
17000, 35
7000, 36
12400, 37
7500, 36
9300, 31
45200, 32
5700, 36
12600, 33
14400, 35
8800, 34
5000, 34
5100, 30
4800, 32
4600, 34
4000, 32
27600, 32
169100, 31
18400, 35
22400, 35
13600, 36
7100, 36
4700, 32
4800, 34
4300, 30
13600, 31
12000, 35
8100, 31
5700, 32
25900, 33
18900, 35
4900, 36
5000, 34
10800, 37
5400, 32
10100, 34
5300, 36
7000, 35
7200, 31
5000, 34
10000, 35
9900, 35
4500, 34
6600, 33
9200, 35
6400, 35
11700, 37
12000, 35
12000, 33
3500, 32
7700, 32
5000, 36
6800, 37
6800, 38
3500, 32
6500, 38
8300, 33
4800, 32
4000, 36
10000, 35
3900, 32
16800, 39
6400, 38
4500, 34
4000, 34
8600, 33
3800, 34
4200, 38
6900, 35
3700, 34
14700, 37
6900, 37
8800, 37
3900, 38
4000, 36
52400, 37
15100, 35
5500, 38
4200, 36
10400, 33
5100, 34
7600, 34
10100, 35
4000, 34
6600, 33
3600, 34
13900, 37
14200, 39
5300, 36
15900, 35
4400, 34
4000, 36
4400, 34
4300, 32
13300, 39
7600, 36
4400, 32
4500, 40
3800, 36
4100, 32
23400, 39
5000, 34
4700, 36
26700, 41
4700, 34
8000, 33
6100, 36
8600, 35
10300, 33
4600, 34
5300, 34
11100, 37
5400, 34
12400, 35
7500, 37
31300, 36
11200, 35
60100, 40
12500, 36
30200, 34
15300, 39
12800, 35
18400, 39
7000, 32
19000, 41
5100, 34
5600, 34
19000, 37
11100, 39
4100, 40
9500, 35
7100, 36
4200, 36
4600, 40
4200, 34
6600, 37
3800, 38
6700, 36
40800, 33
4000, 38
5600, 34
8500, 39
11700, 38
3800, 34
6400, 35
22300, 41
8200, 37
5100, 36
7200, 35
4000, 38
80200, 35
12100, 38
54100, 34
4000, 34
3100, 34
8900, 37
7900, 40
10000, 37
8000, 39
4500, 36
12600, 37
5600, 39
5400, 39
6800, 35
11700, 41
7400, 39
5500, 39
7200, 35
5600, 38
8800, 37
3400, 38
3300, 38
5400, 37
5200, 36
3600, 36
3000, 36
4100, 40
5700, 41
5700, 38
5400, 39
4600, 36
3500, 34
4000, 38
6100, 35
5700, 39
9300, 37
3500, 38
3900, 36
3400, 34
6200, 37
6300, 33
3700, 36
3700, 40
7500, 35
3800, 38
3900, 38
7200, 37
7500, 39
6800, 36
3700, 40
9300, 39
6500, 37
7900, 33
3600, 34
41000, 42
3800, 35
6200, 36
6200, 34
3400, 33
6100, 34
8100, 34
3800, 37
4300, 37
3200, 35
3500, 37
8400, 38
5700, 38
5100, 36
3300, 39
3100, 39
3300, 39
3300, 35
3700, 37
3000, 33
3400, 33
5400, 35
3800, 39
3300, 37
10000, 38
7200, 36
3600, 37
3000, 37
3100, 35
6300, 36
6400, 39
5600, 35
5900, 36
7500, 36
3100, 37
12500, 38
4400, 38
3900, 35
8600, 40
3200, 33
5500, 39
3300, 35
4900, 34
10100, 38
4000, 37
48600, 38
50000, 39
6100, 37
3400, 35
3400, 37
4700, 34
3500, 35
4800, 33
5300, 36
3100, 33
5100, 38
4100, 35
6100, 37
4200, 39
3500, 35
4500, 38
7400, 34
2700, 33
4400, 41
3600, 35
3400, 35
3000, 39
6800, 39
3300, 39
11900, 35
3700, 35
2700, 33
5900, 39
4400, 37
5100, 36
5800, 36
7100, 36
5200, 36
8200, 40
2900, 33
9200, 40
3400, 35
3700, 39
3900, 34
5500, 36
3500, 34
4600, 36
3600, 39
4300, 38
5800, 35
7100, 40
4500, 36
3300, 39
5100, 35
3200, 39
4300, 36
4200, 40
8000, 38
2700, 35
4100, 37
2900, 37
2600, 35
5100, 39
2800, 35
5200, 38
2900, 35
6300, 38
4700, 38
4300, 38
4100, 36
6800, 36
3100, 35
3800, 41
3100, 35
35700, 37
5300, 35
3500, 37
3900, 36
3000, 35
6000, 40
6200, 39
3800, 35
2900, 35
3900, 36
7500, 36
4000, 37
3000, 37
3400, 35
4500, 38
6500, 39
3700, 35
4100, 36
4500, 40
3100, 33
5400, 37
4200, 37
3800, 35
3600, 35
4500, 38
6300, 37
4500, 38
4700, 36
3300, 37
3700, 37
9400, 40
3500, 33
5000, 37
4400, 36
6300, 37
3700, 41
3300, 35
4600, 40
3600, 39
7300, 36
3100, 37
3500, 37
5300, 38
5900, 38
5600, 38
7100, 40
3800, 37
3900, 35
3300, 37
4200, 38
17700, 37
3600, 39
10800, 36
5000, 38
3300, 35
3600, 37
7300, 38
3700, 35
4100, 41
4700, 38
3300, 34
6800, 38
4600, 38
4400, 39
3700, 41
7700, 38
5800, 36
3500, 37
4300, 37
3800, 35
6200, 39
3500, 37
3600, 39
4400, 40
3600, 39
9500, 42
6600, 38
6400, 42
5600, 37
4300, 38
4000, 36
3200, 37
8400, 40
7100, 42
8500, 44
4700, 36
4700, 38
3400, 37
4700, 40
7800, 41
3300, 35
3200, 37
4000, 43
3300, 39
6100, 39
3700, 41
4100, 39
4400, 43
4700, 36
6500, 40
3100, 35
3300, 39
3700, 38
7600, 38
5100, 40
3100, 39
3200, 39
6200, 38
5700, 42
3800, 37
3400, 41
2900, 35
8100, 40
5000, 40
2900, 35
3300, 37
5000, 35
3800, 38
3200, 39
3300, 37
4600, 38
5800, 36
3000, 37
2800, 35
3300, 39
3600, 41
4900, 35
4200, 42
4000, 36
3700, 36
6300, 36
5500, 40
5400, 38
4400, 41
6300, 35
3800, 37
3200, 39
4300, 39
3200, 35
6000, 36
3600, 39
3200, 37
5500, 38
4000, 39
5800, 39
3300, 39
7600, 42
3100, 37
6800, 38
3000, 34
5000, 36
3500, 39
5200, 40
4100, 43
4700, 36
3700, 41
5400, 36
5500, 37
3800, 39
5100, 40
5500, 40
3600, 43
5000, 36
5600, 40
3400, 39
5100, 36
9200, 43
4600, 38
4400, 37
4800, 40
3700, 35
3800, 39
5400, 38
3300, 37
3300, 39
8600, 41
4100, 39
6100, 38
3200, 39
3400, 37
9000, 38
3200, 35
3400, 39
3700, 36
3500, 35
4100, 37
3000, 37
3700, 41
3300, 37
7800, 40
3200, 37
5700, 37
4300, 36
5200, 40
6500, 36
6000, 42
8100, 38
5700, 35
9100, 44
7300, 44
6800, 40
4700, 38
7600, 44
4800, 40
5000, 42
4800, 42
3800, 39
4800, 40
5600, 39
6000, 40
3600, 37
6100, 37
12500, 46
3300, 37
5400, 40
3000, 37
6300, 41
3300, 35
3700, 39
3800, 39
3400, 37
6700, 40
4400, 38
3200, 41
4100, 38
7200, 40
5100, 42
6600, 40
3300, 37
6100, 37
3500, 39
3900, 39
3700, 37
3600, 41
6100, 38
5600, 36
3500, 39
4100, 38
3600, 37
5100, 39
5200, 40
4600, 40
8400, 42
5100, 39
3600, 39
4800, 40
3800, 40
3100, 37
6900, 42
4700, 42
3300, 41
3900, 39
6000, 40
4000, 36
4100, 39
3400, 37
4300, 41
7800, 40
4200, 39
3400, 37
4500, 42
5800, 41
4200, 41
5700, 40
3800, 37
3300, 37
7300, 38
4000, 43
4400, 39
5200, 41
13400, 40
6200, 42
5100, 39
4300, 39
3400, 39
6300, 39
3500, 43
3200, 37
3200, 41
3500, 39
6100, 39
6200, 38
4600, 40
6300, 40
6700, 39
3500, 37
5200, 38
5400, 38
3900, 39
4700, 38
4700, 38
4600, 36
3100, 37
8800, 38
3800, 37
5000, 38
4100, 36
6800, 37
4200, 36
4600, 38
8200, 42
11000, 44
5600, 40
3400, 39
3000, 37
5300, 37
3800, 43
4400, 36
3200, 39
3300, 37
5100, 37
4400, 39
3400, 41
5900, 42
4900, 39
6300, 37
3200, 37
4400, 43
3300, 39
7600, 44
9400, 40
4700, 39
6000, 36
5100, 41
7700, 40
4500, 37
8900, 44
4300, 37
5500, 41
6500, 42
3900, 39
3000, 36
4400, 41
6200, 38
5200, 38
4200, 39
4500, 40
7700, 38
5400, 38
3500, 39
3600, 39
4700, 38
8100, 40
4400, 39
5600, 40
4500, 40
7600, 37
7500, 40
6700, 42
6000, 39
9300, 42
3400, 39
4100, 37
3500, 37
8900, 42
5600, 42
4700, 43
4800, 40
10700, 44
3800, 39
4600, 41
4200, 41
5800, 39
3700, 37
5000, 38
5500, 40
9900, 42
3400, 37
3700, 41
4100, 39
8800, 42
4700, 38
7000, 38
4900, 40
5300, 37
3400, 39
4100, 39
5600, 42
4100, 39
6200, 35
3700, 39
5500, 42
5000, 36
5000, 38
6400, 41
3800, 39
5300, 40
5000, 38
5700, 37
3700, 39
4000, 41
4000, 39
4500, 38
5400, 39
6300, 40
3700, 39
9100, 43
7900, 40
5000, 36
4900, 40
6000, 40
4200, 43
8600, 38
4500, 41
3600, 37
3800, 39
7800, 43
4100, 41
6500, 40
4900, 42
4500, 41
5900, 39
3700, 39
5000, 40
5800, 38
8100, 42
10900, 44
4200, 39
3500, 38
6400, 44
4100, 39
4000, 41
5200, 40
4900, 40
5900, 37
5200, 40
3600, 39
5000, 38
4500, 40
5000, 40
3500, 37
4300, 40
3400, 37
9300, 40
5000, 42
4500, 40
5900, 42
4400, 41
4600, 40
4600, 40
4200, 43
5500, 41
4700, 39
3600, 41
3600, 37
5000, 41
13400, 42
3800, 41
3800, 39
5400, 40
3600, 39
4700, 40
4600, 41
3300, 41
3900, 41
6800, 38
6500, 40
5600, 42
5100, 42
7100, 41
5000, 40
3800, 39
7500, 42
9500, 41
4400, 39
5300, 38
4500, 39
4300, 41
8700, 41
4600, 38
4700, 38
4300, 41
3400, 37
9500, 40
5200, 40
4500, 37
4900, 45
6200, 36
4100, 39
4700, 43
4500, 37
5100, 42
6500, 39
8900, 44
4800, 39
3700, 39
9400, 42
4500, 43
6100, 39
3600, 41
3700, 39
8800, 38
5800, 38
3700, 37
4700, 40
9400, 39
4600, 41
6400, 44
3600, 39
4300, 41
9500, 39
5400, 38
8700, 42
3900, 45
6700, 39
6200, 40
3800, 37
7300, 40
9400, 38
3900, 35
4000, 39
5900, 40
3600, 41
49400, 40
3900, 37
6500, 40
4600, 41
8100, 42
3200, 39
5000, 43
5200, 43
4500, 37
10600, 40
3700, 39
5800, 40
4400, 42
3000, 37
4600, 40
5200, 42
4100, 41
5100, 40
9500, 44
3300, 39
4800, 41
7100, 42
6400, 43
7300, 44
3400, 41
3200, 39
4300, 39
8000, 42
3700, 37
5900, 42
9400, 41
5800, 37
3300, 39
3200, 37
2900, 39
3800, 43
4100, 45
4200, 43
3700, 39
7500, 44
5700, 39
4200, 39
3900, 39
5100, 42
12100, 42
4200, 40
3600, 39
4000, 42
5000, 40
5600, 40
4300, 37
4100, 38
4900, 42
5300, 40
4300, 40
3600, 41
4900, 42
6000, 37
3900, 39
3800, 39
9300, 46
5600, 37
4500, 45
4500, 41
4900, 36
5100, 38
4200, 41
4300, 39
5000, 42
4000, 45
3900, 43
4800, 38
3900, 41
3300, 39
5600, 42
5600, 41
4300, 42
4000, 37
3900, 43
4200, 38
6100, 39
5200, 40
4600, 41
4200, 41
7400, 40
4500, 42
4000, 41
3800, 39
6500, 42
4200, 41
3700, 39
6200, 42
3800, 43
6000, 37
5400, 40
4100, 39
6600, 44
6100, 40
4400, 45
5200, 36
4300, 42
5100, 42
6200, 38
8900, 40
3600, 39
5400, 42
5900, 45
5500, 42
3600, 43
5700, 42
6300, 38
4000, 39
3600, 41
4200, 39
4400, 39
7800, 40
4900, 41
4800, 39
4300, 41
4400, 42
6000, 39
4300, 39
4200, 43
52200, 41
18200, 39
11200, 40
4800, 45
4000, 37
3600, 41
3800, 41
5200, 36
5700, 38
4100, 41
3000, 36
4300, 39
9300, 41
7600, 42
3800, 43
4400, 41
6500, 43
4500, 41
5500, 43
8400, 39
4200, 43
4300, 39
4600, 40
6000, 40
3100, 39
6100, 44
3500, 40
4100, 41
4200, 40
5200, 39
4200, 39
4200, 41
4500, 41
4100, 40
3800, 43
4200, 41
4600, 38
3600, 41
4900, 40
5100, 43
9500, 40
3700, 39
4200, 40
4700, 38
8200, 41
3600, 41
3300, 39
5100, 45
5100, 40
10400, 43
4400, 41
5800, 42
4200, 42
10300, 42
4800, 42
3000, 39
5700, 43
3600, 39
4200, 39
4100, 39
3400, 39
4000, 41
7600, 40
3900, 40
3300, 41
3200, 41
3200, 39
9700, 42
4100, 45
4800, 40
5800, 42
5000, 42
3700, 39
3600, 39
3700, 39
6600, 42
4400, 42
3700, 39
4900, 37
7000, 43
5600, 44
7400, 44
5200, 42
4800, 40
5900, 42
4100, 41
3700, 39
7400, 39
3900, 39
6200, 42
4900, 42
9500, 46
3900, 43
4400, 41
4200, 37
6400, 39
3700, 41
5500, 43
4400, 42
4800, 42
6400, 41
3900, 38
3900, 43
4300, 38
19200, 44
3300, 36
3100, 37
4300, 41
5000, 42
6500, 40
5400, 42
4400, 40
4500, 38
8800, 41
4400, 40
3800, 42
5400, 39
6500, 41
4500, 43
4200, 41
3700, 39
3500, 39
9200, 43
4100, 41
4000, 43
3400, 43
4100, 42
7800, 41
3400, 41
3400, 41
5400, 43
4000, 45
8200, 42
3800, 41
4600, 42
4900, 42
3700, 43
9600, 43
4000, 37
3800, 41
3100, 41
3700, 41
5800, 39
4200, 43
4900, 42
4600, 43
4200, 43
9200, 40
5300, 44
5500, 42
3600, 42
8700, 42
3800, 43
3300, 43
4700, 42
5900, 43
4600, 41
4500, 38
5100, 42
4300, 40
7000, 46
4200, 42
3500, 41
5400, 41
4400, 40
6000, 44
3200, 39
5400, 37
5200, 42
5600, 42
3100, 41
8600, 44
4500, 40
3800, 45
4400, 38
4100, 43
7000, 41
4400, 40
3300, 39
9400, 46
4800, 43
6200, 44
3700, 41
4400, 39
5700, 41
3600, 45
3300, 41
3800, 40
4500, 37
5800, 41
3700, 41
4300, 39
4500, 42
5200, 42
4000, 39
3200, 41
6700, 40
4400, 39
9000, 43
3900, 37
4700, 43
5400, 44
6000, 38
3300, 41
6300, 46
3200, 41
5100, 44
3800, 39
4300, 45
25300, 47
6700, 47
5600, 43
3700, 40
9500, 40
4500, 45
4100, 42
5500, 47
8600, 40
4400, 40
4200, 45
4300, 44
3200, 38
6900, 45
4400, 40
4100, 40
3900, 43
8000, 41
6800, 45
4500, 43
5400, 42
7900, 45
5400, 48
4200, 38
4200, 42
8000, 41
4000, 43
4400, 42
4200, 40
11600, 41
3800, 42
3400, 40
8500, 39
4800, 46
7800, 43
5000, 44
3700, 40
3700, 40
5700, 38
4000, 38
7100, 43
4300, 39
6400, 41
5400, 39
4700, 38
4100, 38
11200, 43
4600, 37
5000, 40
3900, 41
5000, 45
5300, 46
4200, 37
4800, 42
5300, 39
6800, 41
4000, 46
3400, 46
4200, 39
6000, 44
3800, 40
5700, 42
3900, 40
3500, 40
8800, 39
4400, 40
5500, 41
5700, 43
11100, 43
5100, 45
4000, 40
5200, 38
7200, 41
4100, 39
5800, 41
3700, 38
5900, 38
5400, 41
7100, 41
3900, 40
6600, 40
4600, 39
6500, 43
4600, 46
5100, 40
4700, 40
5200, 41
6400, 47
3200, 40
4200, 45
4700, 41
5700, 43
6100, 39
4100, 44
4000, 44
4100, 40
13000, 45
3800, 36
5000, 41
5900, 47
9600, 42
4300, 40
7600, 46
5300, 46
4800, 46
8400, 47
5400, 39
3500, 40
5300, 44
7900, 43
4800, 40
4700, 41
4100, 40
5500, 40
4100, 44
4800, 42
4300, 40
3300, 40
9600, 36
5300, 41
4100, 40
14000, 49
7400, 41
4500, 39
4800, 43
5900, 47
5400, 43
5400, 46
5800, 41
9400, 37
4500, 43
3700, 42
4100, 46
6900, 40
6600, 45
5000, 41
5500, 43
5500, 40
4200, 41
5100, 44
3300, 42
6800, 42
6600, 41
4600, 39
5900, 39
6000, 48
3800, 41
3800, 39
4800, 40
4400, 42
3500, 36
3600, 40
4600, 42
5000, 40
6400, 43
3400, 38
4300, 42
16900, 48
7900, 43
2400, 40
3100, 42
4200, 39
3000, 40
5600, 44
3400, 41
2300, 40
5100, 43
4600, 40
6200, 45
4300, 41
2500, 40
5500, 41
3500, 45
2700, 41
4000, 39
5200, 40
3100, 47
3600, 40
3300, 43
4600, 40
3600, 43
3100, 37
2800, 46
3500, 40
4700, 44
3200, 45
4300, 43
3200, 38
2200, 40
3200, 42
2800, 40
2600, 48
4500, 46
4800, 43
3700, 41
5300, 47
4000, 44
3600, 41
4400, 39
4300, 39
2800, 41
5200, 39
2600, 40
4500, 42
3300, 42
3400, 45
3300, 41
5200, 41
3000, 38
4600, 43
2900, 40
3600, 39
3300, 43
3900, 39
3300, 42
2600, 40
5800, 43
2100, 40
3200, 43
4200, 40
3400, 40
2600, 44
5200, 47
4300, 41
4900, 45
4100, 45
3300, 42
4500, 46
2200, 38
2900, 39
4200, 41
4400, 44
3400, 36
2700, 42
2900, 42
3100, 42
7100, 38
3800, 45
3900, 43
6800, 45
2500, 46
4100, 46
3600, 43
4500, 38
3300, 39
2600, 42
2300, 42
2400, 40
4500, 39
2100, 40
2600, 39
2800, 42
4700, 46
3000, 43
2800, 44
2300, 42
2000, 40
4900, 42
2200, 40
2800, 44
2300, 41
2500, 40
3300, 43
2900, 40
2900, 43
2100, 38
4500, 40
4000, 43
5300, 45
6500, 45
2700, 42
2300, 44
2900, 48
4400, 40
2300, 42
2400, 46
3300, 45
5000, 43
2700, 40
3800, 42
2400, 46
4600, 39
4200, 42
4300, 44
7500, 45
7200, 44
5400, 44
7900, 45
6500, 41
7800, 44
4000, 46
3500, 41
2900, 44
2700, 39
4400, 42
2700, 38
2800, 42
3500, 41
5000, 44
6500, 45
5100, 41
3600, 42
6600, 40
3700, 44
4200, 42
3700, 42
4600, 38
6300, 45
4000, 46
4700, 48
6000, 41
7200, 43
4000, 46
6000, 43
4200, 45
7900, 41
3900, 40
6000, 39
4100, 38
11200, 42
4600, 45
4500, 41
2800, 38
5000, 44
3500, 40
5700, 43
4200, 44
3300, 42
5000, 42
6600, 45
3300, 38
5000, 39
6800, 44
3000, 42
2900, 38
4300, 43
4700, 48
3300, 43
2700, 40
2300, 42
5600, 41
4300, 44
3300, 39
15100, 45
6300, 42
5700, 49
2900, 43
5200, 46
3300, 42
2800, 38
2800, 38
4200, 45
5000, 38
3100, 42
3500, 40
3100, 38
6800, 45
2700, 43
2700, 40
2300, 40
2200, 44
4500, 40
3400, 47
2500, 42
3700, 43
7200, 41
4100, 46
3100, 40
5800, 47
7700, 40
9600, 45
2900, 43
2700, 40
6300, 38
4200, 45
5000, 43
3500, 46
59200, 37
20100, 44
2700, 38
3700, 41
3500, 42
7500, 41
3500, 44
2400, 42
4700, 45
4700, 41
2700, 44
3100, 42
3900, 40
2800, 44
3800, 39
4200, 46
3000, 44
5700, 42
11500, 39
5200, 47
4000, 44
13400, 47
4200, 44
2700, 42
4900, 45
8200, 45
2800, 40
5900, 43
3900, 44
5700, 42
4800, 35
6800, 45
6500, 45
6000, 46
4000, 44
4300, 44
3000, 40
4800, 41
8900, 43
7200, 41
3700, 42
4200, 45
12900, 43
3100, 40
3000, 42
3200, 41
5700, 41
2900, 39
3400, 41
3200, 43
2400, 44
2300, 41
2400, 43
5500, 41
2900, 42
2400, 39
3500, 45
2100, 44
3700, 40
2500, 40
2500, 42
1700, 42
2400, 40
4700, 42
2100, 42
2000, 38
4500, 43
4700, 39
4700, 45
2700, 40
2500, 44
4300, 43
3500, 43
2200, 42
3400, 42
4200, 44
2800, 42
2700, 45
3600, 42
4300, 39
3500, 45
4200, 41
4200, 43
3600, 44
3000, 45
2000, 38
2900, 42
5300, 42
1900, 44
1800, 42
2500, 38
2600, 45
7300, 45
3500, 43
3800, 43
4200, 43
3600, 41
3900, 41
4200, 40
2800, 42
3200, 44
6000, 41
3700, 41
9400, 46
3900, 44
2300, 44
2700, 40
4900, 41
3000, 44
3200, 41
2000, 40
2100, 46
5100, 45
2000, 40
2700, 46
8000, 47
3100, 43
4200, 45
2100, 42
4100, 42
2900, 46
2500, 44
2600, 44
8100, 38
3400, 40
3800, 41
1700, 40
3300, 46
5500, 45
3400, 41
2100, 44
2200, 38
4000, 41
2100, 38
3800, 43
2500, 40
3800, 40
4100, 45
3900, 48
3200, 41
3700, 40
3000, 45
4200, 44
1800, 40
8300, 45
2400, 39
3200, 41
2400, 44
4200, 42
3300, 41
3200, 46
3500, 41
2100, 40
2000, 38
2100, 44
2500, 44
1600, 40
5300, 43
2600, 42
2900, 43
2500, 42
3400, 43
3000, 44
3200, 43
2500, 41
1600, 40
4900, 45
2900, 45
3200, 39
4700, 43
1900, 40
2600, 42
2500, 46
2300, 41
3800, 46
2500, 42
2200, 42
3700, 43
5700, 43
5500, 49
2100, 40
2500, 44
3600, 42
2500, 40
2000, 43
1700, 40
3800, 40
3800, 43
2900, 44
2300, 41
4000, 46
2200, 42
2200, 44
2700, 45
2500, 45
2300, 42
1700, 40
2200, 42
2800, 44
4400, 41
1900, 42
4600, 43
2300, 44
5900, 47
2200, 44
3900, 43
1600, 40
1900, 42
3700, 38
3800, 45
3200, 46
1900, 42
4700, 41
2500, 46
2900, 39
3300, 44
2300, 40
3900, 41
3300, 47
2900, 45
4100, 41
2400, 43
2500, 42
2800, 46
2100, 42
3800, 44
2900, 44
1800, 42
5500, 45
4800, 44
3100, 46
2000, 42
2100, 39
1600, 40
3400, 40
2500, 43
3300, 45
1900, 42
4300, 43
1700, 39
3300, 43
2100, 43
5000, 45
2700, 41
2600, 46
5300, 47
2900, 42
2300, 44
2000, 42
1700, 42
3600, 40
2300, 44
2900, 43
2700, 43
4800, 39
2100, 44
2400, 41
3000, 43
4000, 44
2300, 46
2100, 42
1800, 44
3100, 45
3300, 40
1900, 42
2100, 40
1700, 42
2300, 42
2100, 44
4000, 47
2200, 43
4400, 43
2200, 41
3400, 45
2000, 44
3600, 42
3000, 45
3100, 47
2600, 44
4500, 39
2900, 42
4900, 47
2800, 40
3900, 44
4300, 47
3000, 44
2700, 44
7000, 47
2100, 42
2100, 42
2900, 40
5900, 45
1900, 42
1600, 42
2800, 45
4000, 42
3900, 45
3500, 39
3100, 48
10700, 48
3200, 40
7000, 47
5100, 46
9000, 48
8800, 49
7000, 39
9000, 46
6100, 45
3900, 47
2400, 43
6700, 42
2800, 40
1900, 40
5100, 47
7600, 47
2600, 44
2400, 44
2900, 43
3200, 46
3700, 40
2300, 46
3700, 47
3000, 44
4000, 44
2200, 40
2400, 44
1800, 40
6800, 45
2200, 40
2400, 40
2200, 40
3200, 37
6200, 44
2700, 46
4900, 47
3600, 43
6900, 39
2500, 48
5100, 47
4400, 40
9500, 41
4100, 46
8300, 49
6500, 44
3400, 42
3500, 40
5400, 40
5000, 47
3800, 39
3100, 45
3000, 41
4600, 46
3000, 46
2300, 40
2100, 45
4300, 43
3100, 41
1900, 38
2500, 42
2100, 42
5400, 44
3000, 44
3100, 41
2200, 48
1800, 40
8000, 43
2500, 42
3600, 45
3800, 47
4700, 44
3000, 47
2900, 43
2300, 44
4800, 47
2600, 42
5500, 47
5300, 45
2800, 42
3200, 43
3500, 47
3500, 40
3400, 43
3700, 44
4900, 49
9000, 43
4300, 40
6900, 41
5600, 41
6300, 46
3200, 43
3600, 41
1700, 40
5300, 47
2500, 40
2800, 40
3300, 46
3600, 47
23500, 42
2200, 40
4200, 45
2900, 42
4800, 41
2500, 43
3100, 46
3100, 41
4200, 48
2400, 42
2900, 48
2300, 42
5300, 43
2900, 42
3100, 43
4100, 45
7400, 46
3400, 45
2700, 43
3600, 42
5000, 39
3400, 43
2400, 44
2700, 42
3100, 41
2500, 44
2300, 42
2500, 43
1900, 42
8300, 47
9400, 44
3200, 42
1900, 42
5000, 43
2200, 42
3400, 45
2600, 44
3500, 40
4600, 45
3100, 42
2600, 44
9800, 47
3100, 41
2300, 43
3500, 45
7900, 45
3100, 41
4700, 45
4400, 46
3700, 41
5000, 41
5400, 41
3200, 42
9700, 43
3700, 43
3700, 44
5300, 44
10400, 49
4300, 44
3900, 40
6200, 43
13500, 44
8200, 45
3900, 41
5200, 44
9500, 43
5100, 45
3000, 44
5900, 45
2600, 40
3400, 40
2600, 44
2800, 42
4000, 44
3600, 47
2700, 43
3300, 38
2100, 41
3100, 44
3200, 44
2300, 46
3000, 42
3400, 42
3100, 47
2500, 46
2600, 43
5100, 47
1800, 44
1800, 46
4100, 47
6900, 45
2500, 41
3900, 49
2700, 42
3700, 42
3200, 40
2400, 43
2100, 42
8300, 51
4100, 45
2900, 42
2000, 40
3100, 43
3000, 42
2700, 46
3200, 43
3900, 42
2300, 46
5500, 47
2800, 45
3900, 42
2500, 48
6200, 49
3700, 42
3000, 48
2100, 40
2700, 44
3000, 46
4600, 44
2700, 40
3100, 43
1700, 42
6400, 47
3100, 40
3500, 45
2000, 46
1900, 40
4500, 41
3700, 45
3400, 45
3300, 40
4100, 44
3300, 42
3200, 41
2900, 45
5200, 45
2000, 40
1600, 44
2700, 38
2900, 46
3400, 43
3200, 43
2500, 48
2900, 43
2500, 43
2800, 44
2700, 42
2100, 42
5800, 45
2300, 41
3100, 41
2000, 40
3800, 40
2600, 42
2300, 43
3800, 47
5800, 45
1700, 42
2400, 46
1900, 38
4000, 48
1900, 42
1700, 42
2400, 40
2900, 44
3600, 37
2500, 43
4400, 45
2700, 45
3700, 44
3100, 43
4600, 45
4300, 43
2600, 43
5500, 51
4300, 41
4400, 45
3200, 45
2300, 46
4800, 46
4100, 45
3800, 45
2400, 42
4200, 47
2600, 45
2200, 44
1800, 44
7800, 41
2400, 44
2700, 44
2300, 44
2700, 42
4100, 41
3000, 43
2400, 44
2000, 38
4700, 42
2500, 44
3300, 48
2300, 44
2400, 46
4600, 50
2200, 44
2300, 42
2500, 42
1700, 41
4400, 46
3700, 43
3400, 47
2800, 42
6500, 41
2200, 46
2000, 40
3100, 48
2100, 44
4000, 45
2600, 46
2200, 46
1800, 44
3100, 44
4500, 45
3500, 40
3300, 45
2400, 44
4300, 45
2100, 41
2400, 44
2100, 42
4300, 48
2800, 42
2400, 40
4500, 45
2400, 46
2500, 42
3700, 45
3000, 41
5300, 43
1700, 42
2100, 40
2700, 43
1800, 44
4100, 39
1900, 42
2500, 48
2900, 46
2500, 44
5200, 47
2700, 41
1900, 44
5500, 45
2200, 42
2300, 46
1600, 40
5300, 49
3100, 45
2100, 46
2900, 46
3900, 42
1600, 40
2000, 39
2200, 42
5900, 47
3100, 45
2700, 44
6000, 49
2300, 43
2100, 42
1900, 42
3200, 44
2400, 42
6700, 47
3300, 43
2700, 44
2100, 38
5700, 47
2000, 41
3000, 43
2700, 46
4200, 48
3500, 49
1700, 44
2500, 41
6800, 47
2200, 40
1900, 42
1800, 42
5500, 45
1800, 42
2400, 41
2200, 44
5100, 43
2400, 42
1900, 44
2500, 44
3000, 49
3600, 42
2200, 48
3200, 41
2100, 44
4100, 46
2500, 44
2400, 43
2900, 45
2400, 44
8800, 47
2300, 48
3500, 43
4100, 44
2800, 49
2300, 46
2600, 42
2000, 42
5800, 46
2800, 43
3200, 44
1900, 42
3000, 41
4300, 44
3300, 45
2500, 40
3800, 45
3800, 46
2000, 44
2200, 42
7000, 47
4800, 43
2300, 50
3800, 45
2100, 48
4100, 42
2300, 42
5500, 51
5500, 48
2900, 42
3300, 41
2100, 44
2700, 46
2800, 44
3600, 41
3000, 45
2600, 46
4000, 44
36200, 47
4900, 47
5600, 43
2900, 40
4300, 43
2800, 44
4900, 45
2500, 42
2900, 48
2500, 44
2500, 43
2300, 42
4200, 45
3500, 47
1700, 42
4500, 43
2100, 44
3800, 43
2600, 42
4300, 43
2300, 44
1600, 42
3000, 48
6500, 45
3600, 42
3500, 46
3500, 44
3700, 39
12400, 42
5500, 43
6100, 45
11500, 49
5100, 44
3300, 44
3000, 42
2200, 44
11500, 49
3800, 44
4100, 43
6200, 47
2500, 46
3600, 47
2900, 47
3900, 42
2400, 44
3400, 42
2400, 44
2600, 44
7400, 47
2800, 44
3600, 50
3800, 44
4300, 43
2200, 44
6900, 45
4300, 45
6900, 42
3500, 44
2800, 38
4600, 47
5700, 45
2100, 41
3000, 43
3100, 48
5700, 47
2900, 46
1700, 42
2200, 46
4200, 46
3100, 45
2700, 42
3300, 48
4500, 43
4000, 43
2400, 46
3700, 45
4400, 44
2100, 42
3700, 43
3500, 46
4900, 47
2800, 46
3100, 44
2900, 46
1900, 42
6800, 46
5200, 45
2900, 44
3000, 46
2800, 48
3200, 43
2700, 42
3400, 41
2400, 44
5300, 46
2700, 48
3700, 47
2400, 44
3800, 42
3700, 41
4000, 43
2900, 42
3300, 44
2400, 46
2900, 44
3100, 46
3300, 41
9200, 47
3900, 43
2500, 44
9300, 47
3500, 45
3700, 43
4700, 48
2900, 48
2300, 45
3700, 47
3000, 41
7200, 46
4000, 45
3900, 43
7400, 41
4200, 41
3900, 43
1800, 42
2700, 44
6700, 48
3900, 45
4500, 43
8800, 45
3200, 47
3600, 45
4000, 43
4800, 46
2600, 38
2600, 43
2700, 46
5900, 45
3800, 43
4200, 49
7000, 46
3100, 42
2300, 44
2600, 39
2800, 46
10200, 49
1600, 39
2300, 46
2200, 40
4400, 43
2700, 44
1900, 44
2200, 42
4900, 46
3000, 46
3400, 43
2100, 42
3100, 45
3500, 47
1900, 46
1600, 44
2400, 48
6100, 42
1900, 46
3900, 47
3000, 43
5100, 47
2200, 43
2700, 49
1800, 44
4400, 44
3300, 45
3500, 43
2500, 46
3800, 39
2600, 42
3100, 43
2100, 46
2000, 44
3400, 42
2800, 45
1900, 42
3000, 42
6600, 44
2500, 37
2800, 43
2900, 44
2500, 44
6300, 43
4100, 49
2100, 44
2000, 40
4400, 45
3500, 47
3600, 47
2400, 44
3900, 43
5700, 40
3500, 44
2100, 42
2400, 46
5000, 43
3200, 45
3000, 41
2300, 44
2600, 43
2300, 44
2100, 44
2800, 44
4900, 45
2100, 42
2600, 39
3800, 47
4400, 44
2200, 44
2500, 46
4400, 45
7300, 49
1800, 44
3200, 41
2300, 42
4300, 50
2500, 43
2700, 44
2300, 41
3100, 44
2400, 48
3200, 43
5000, 49
7300, 43
3700, 46
2700, 44
3200, 44
2100, 46
2000, 44
2900, 48
2500, 46
2500, 48
3900, 42
2100, 44
1700, 42
3800, 49
2600, 46
4400, 43
2600, 43
2200, 46
2900, 43
5200, 47
2100, 40
3700, 47
2600, 46
3800, 44
2800, 43
3300, 47
2300, 42
4300, 39
5800, 51
2100, 46
2800, 43
6000, 49
2600, 46
2300, 44
2900, 46
5100, 43
3700, 47
3100, 45
3900, 44
3400, 43
2400, 42
3000, 44
2600, 44
5700, 43
3500, 43
2100, 42
2800, 44
6200, 44
3900, 45
4000, 50
2600, 44
4500, 45
2300, 44
2200, 42
2800, 44
1800, 41
4300, 43
3200, 42
5100, 49
3300, 42
6400, 43
4800, 45
3600, 51
3300, 43
5300, 44
2700, 44
3700, 43
2600, 44
8000, 47
3300, 52
4000, 43
2600, 48
4700, 46
3200, 41
3200, 45
3800, 49
4600, 44
8100, 52
4400, 43
2600, 40
2600, 49
1900, 43
2400, 41
3800, 45
2600, 45
2600, 46
2600, 45
5000, 47
3000, 44
4100, 44
3300, 46
4300, 44
3500, 46
10300, 45
6200, 50
5200, 46
2300, 40
4500, 44
2800, 49
2700, 43
2500, 43
5200, 48
1800, 43
2000, 41
4200, 46
4800, 47
2500, 44
1600, 41
2500, 43
4700, 42
2400, 45
2500, 51
7000, 52
3300, 50
3400, 40
5000, 52
5900, 44
2500, 41
2100, 45
5200, 46
2600, 38
2900, 50
4100, 44
4800, 43
2800, 43
2400, 45
5300, 48
3900, 47
3200, 41
2200, 41
2400, 47
4200, 45
3800, 42
3400, 44
4800, 50
6300, 42
2800, 45
3100, 44
3600, 42
2800, 41
1800, 40
4400, 44
4800, 48
2500, 44
4800, 48
5100, 42
3200, 46
3400, 46
4000, 44
4000, 43
2600, 40
2900, 44
2700, 43
4300, 43
2600, 43
1900, 43
2500, 41
4900, 46
3800, 42
1800, 43
1700, 43
4500, 43
3600, 42
2900, 44
3200, 46
4100, 43
2400, 45
2000, 41
3000, 47
4300, 42
2700, 43
2700, 43
3900, 46
5400, 44
2100, 45
2600, 41
4400, 46
5200, 46
2800, 45
5200, 48
4700, 44
2400, 41
3600, 48
6200, 44
1900, 45
4100, 49
3100, 46
3300, 45
4900, 49
2100, 45
3800, 46
2600, 49
4300, 42
2700, 42
3800, 50
3900, 45
1900, 42
2900, 43
4200, 42
3100, 45
6600, 44
2500, 45
3500, 46
2900, 45
3100, 51
2600, 47
2500, 44
2800, 46
4000, 42
2200, 45
2900, 45
2800, 45
4400, 43
1900, 43
3500, 44
3200, 43
4100, 41
2800, 47
2000, 41
2400, 43
4300, 41
6000, 42
3200, 50
2600, 46
5200, 50
2600, 45
2300, 45
2400, 43
2400, 43
2700, 43
4200, 46
2100, 48
5400, 46
3100, 44
2200, 43
2200, 41
4100, 46
2300, 45
3200, 43
2900, 43
4200, 43
2900, 48
4100, 48
3300, 44
2600, 47
2800, 45
4300, 46
2100, 43
4300, 49
3300, 42
4300, 46
3100, 43
6100, 44
2300, 43
3000, 43
3400, 46
3300, 45
2000, 43
2200, 43
3700, 46
3600, 45
2100, 43
3100, 44
3000, 40
3600, 43
2900, 43
4400, 44
4300, 40
3200, 45
3200, 48
3200, 47
4100, 45
3700, 46
3900, 44
4000, 48
3900, 43
2800, 44
2300, 47
3200, 44
2300, 43
2700, 51
2500, 43
2000, 39
4100, 41
2900, 44
2300, 41
4100, 46
5100, 42
2800, 45
5700, 44
2400, 40
2900, 43
3200, 44
3900, 44
4800, 45
2100, 43
3300, 44
3700, 44
4200, 41
2100, 43
2200, 45
2200, 43
2200, 43
3500, 44
3100, 47
2000, 45
2000, 46
3000, 46
2800, 43
2700, 43
3200, 47
4100, 41
1900, 43
1800, 40
4300, 41
4900, 45
3100, 44
1900, 41
2400, 45
4700, 42
4200, 50
2900, 46
2500, 43
7500, 51
3400, 46
2000, 43
3000, 46
5200, 48
7400, 46
3500, 39
3700, 43
30600, 47
3500, 49
2300, 51
3600, 43
8000, 52
3500, 46
3800, 50
5600, 44
3000, 45
3100, 47
3000, 45
6300, 41
5100, 48
4500, 46
4700, 40
2100, 43
2800, 45
3000, 45
3300, 45
7100, 44
2500, 43
2700, 43
8600, 46
2500, 47
2100, 45
2600, 45
2900, 44
5000, 47
2700, 44
2700, 43
5700, 46
3100, 46
3100, 47
2200, 45
7500, 48
2500, 41
4600, 44
2600, 41
2600, 43
4800, 43
2100, 43
2900, 45
6000, 48
2200, 43
2600, 47
2900, 48
4400, 45
3900, 50
2100, 43
2600, 41
2600, 45
4800, 42
3000, 43
3400, 44
5100, 48
3100, 46
2500, 49
4800, 52
4700, 43
1900, 43
2000, 43
2000, 45
2300, 43
6000, 43
2500, 44
2700, 47
8100, 46
2500, 43
3800, 43
4700, 42
2600, 47
3700, 42
2800, 43
2200, 42
8200, 48
3000, 49
3500, 44
3400, 45
1600, 42
5400, 44
13900, 45
2800, 45
2800, 41
5100, 43
3400, 44
2900, 41
4800, 45
7000, 42
4600, 45
5500, 44
16800, 44
3400, 45
3400, 45
3000, 44
3200, 41
4600, 46
3700, 44
4300, 41
9900, 44
2800, 42
5000, 44
4600, 45
12100, 42
33800, 47
8100, 43
4800, 47
13700, 42
5600, 52
3300, 43
3200, 48
7100, 39
2400, 53
5200, 44
3500, 44
6000, 52
3600, 45
3000, 45
2400, 43
3200, 45
5000, 44
2300, 43
3700, 43
3600, 50
4000, 45
3200, 43
2900, 45
3000, 43
5800, 43
2900, 41
3300, 45
4800, 47
2600, 40
5800, 42
3300, 46
2700, 47
3800, 45
5500, 42
4400, 44
4000, 48
5900, 40
2800, 45
3700, 44
1800, 43
5000, 44
4400, 44
3800, 44
3600, 43
7500, 46
3000, 50
1800, 42
3500, 45
5300, 45
4000, 43
4100, 52
2800, 45
11300, 48
3900, 43
9000, 50
2100, 47
2100, 41
4000, 42
3000, 41
9100, 48
7100, 48
4900, 41
4100, 44
3300, 45
3400, 49
3400, 46
3800, 44
4400, 46
2000, 43
6200, 46
2300, 43
3200, 49
2500, 39
4500, 46
2500, 41
2200, 43
2200, 47
3400, 45
3700, 47
3200, 46
8300, 45
3100, 48
6600, 48
2400, 47
4100, 44
4900, 45
3400, 44
2800, 41
3800, 51
2500, 45
2700, 43
3300, 47
4100, 44
2700, 45
4700, 47
2100, 45
2200, 45
7500, 48
3000, 46
1900, 43
3200, 43
2700, 41
3100, 44
2800, 44
2700, 44
5200, 44
2900, 43
1700, 43
2500, 45
4300, 46
3700, 46
2400, 44
4400, 46
2300, 47
3000, 43
3000, 47
9400, 46
3500, 44
2800, 42
1900, 43
5200, 45
2700, 43
2800, 44
2100, 45
5500, 48
2600, 47
3100, 46
2800, 42
7600, 43
4300, 46
3600, 50
3600, 48
8200, 48
3200, 46
2700, 42
3900, 47
3300, 48
3700, 52
3100, 45
5500, 46
2800, 43
3400, 47
2600, 47
4400, 45
2700, 48
3300, 48
2400, 45
4600, 41
3300, 42
3200, 46
3800, 47
5000, 53
3000, 46
3300, 46
2700, 43
5500, 42
2000, 43
3200, 44
3500, 45
8100, 54
4000, 46
3100, 43
4600, 44
2100, 45
3200, 42
5000, 48
2500, 43
1800, 45
4900, 46
4900, 44
3100, 47
3400, 47
2800, 48
3800, 49
3600, 38
2600, 45
2500, 45
2400, 45
5000, 46
3300, 47
2500, 43
2400, 41
4100, 42
2100, 45
4000, 48
6500, 48
2100, 43
2300, 45
2600, 45
4000, 45
2300, 44
2700, 47
4100, 46
4800, 47
3600, 44
3300, 42
2100, 47
4800, 43
2400, 47
3500, 47
3100, 44
4700, 44
3000, 48
2000, 45
3000, 46
3300, 46
3100, 47
2500, 45
5600, 46
2900, 47
2800, 44
1900, 45
2100, 45
5000, 43
2800, 43
2900, 46
3500, 46
4300, 49
10700, 45
2900, 46
2100, 45
8500, 50
2900, 45
2900, 41
2600, 45
5300, 46
2300, 47
3000, 45
2300, 47
4500, 45
2800, 47
2400, 43
3500, 44
7200, 46
2600, 45
4100, 46
2900, 47
7300, 48
3800, 45
3900, 42
4800, 42
5700, 46
3300, 44
12400, 48
3600, 44
6300, 44
3900, 42
5100, 43
4000, 47
3300, 45
4000, 46
5000, 43
2800, 46
2500, 45
3200, 45
5400, 46
3500, 42
3700, 44
3000, 47
4600, 44
3100, 47
2800, 47
3800, 44
4700, 49
5700, 48
3100, 42
4000, 43
2900, 47
4000, 45
3500, 44
3100, 45
4500, 42
3400, 46
5500, 46
5400, 44
4700, 48
1900, 45
5000, 44
2600, 43
4600, 48
2400, 45
4200, 41
3000, 43
3200, 47
3500, 48
4300, 44
2800, 42
3400, 47
2700, 46
5100, 43
3400, 46
2100, 47
3300, 46
4600, 43
2400, 44
3400, 47
2400, 44
4100, 44
3700, 48
3100, 45
3100, 44
4700, 47
3600, 44
2000, 45
2900, 41
6300, 48
3200, 46
2000, 45
2600, 49
5300, 48
6000, 50
2400, 41
5700, 49
3700, 44
4900, 43
5500, 42
6300, 41
5700, 46
5900, 45
4200, 43
9700, 47
3700, 45
8100, 46
5500, 43
8900, 44
2700, 43
2800, 44
7300, 46
2700, 47
3200, 41
2600, 45
3200, 46
8700, 48
4400, 47
3400, 43
5500, 49
4000, 44
2200, 43
5000, 46
6800, 50
2500, 43
3900, 46
5500, 46
3500, 45
3200, 43
4600, 49
6300, 44
2700, 47
4200, 47
4400, 45
7600, 42
5500, 48
3300, 45
6700, 50
7900, 46
5200, 45
3900, 41
4400, 41
7800, 40
5600, 44
5000, 46
4200, 45
5900, 43
6800, 50
6400, 49
4400, 45
8300, 46
4000, 47
3500, 43
6800, 46
5000, 42
4700, 44
4200, 43
9500, 46
4100, 45
6000, 44
5400, 47
7100, 47
5900, 48
6800, 44
5800, 48
4100, 41
4600, 47
4300, 43
10900, 50
3600, 45
5800, 42
4100, 44
7500, 40
4300, 42
5000, 44
4700, 41
5800, 45
6600, 46
4300, 47
4900, 47
8000, 46
3700, 45
5500, 45
6300, 48
7500, 46
5600, 49
5000, 48
4100, 43
5900, 43
4800, 44
6100, 42
4700, 42
8100, 46
3200, 41
4100, 46
7400, 42
5200, 41
3900, 42
3900, 48
5800, 45
4200, 45
6700, 46
7000, 50
6400, 43
4200, 44
4800, 47
4000, 42
5600, 45
3600, 40
5300, 45
4300, 44
8300, 49
5500, 46
6800, 46
4200, 45
7000, 43
5300, 43
4000, 47
5500, 49
11700, 48
2900, 47
2700, 45
5500, 49
3900, 47
5100, 45
4900, 47
2800, 41
2700, 43
7100, 45
5900, 46
5200, 45
6100, 48
6900, 42
8000, 46
9400, 46
7000, 46
4300, 46
3000, 44
3400, 47
5800, 44
5200, 46
7000, 52
3800, 44
3100, 42
4500, 45
5900, 47
5300, 47
3500, 47
3600, 47
1800, 41
5000, 43
3300, 47
3000, 47
3800, 46
6200, 48
4200, 50
2200, 45
3300, 46
4400, 41
3100, 45
2200, 45
2600, 45
5700, 44
4700, 49
2300, 47
3300, 43
2400, 45
3800, 43
10400, 46
30200, 49
5300, 47
10700, 50
5500, 43
5300, 49
9700, 44
4700, 49
7900, 48
5500, 45
9200, 46
4200, 48
3000, 43
17100, 47
4100, 43
9500, 50
8500, 50
11700, 50
8200, 43
5000, 41
3200, 40
7800, 48
2700, 43
5200, 48
3300, 46
5400, 44
4200, 44
2900, 45
1600, 45
6800, 47
5200, 47
3200, 45
3700, 48
5100, 43
4400, 44
3800, 47
2900, 47
2800, 45
2900, 43
2700, 40
3700, 43
1700, 41
5100, 43
2800, 43
5200, 46
3200, 45
4800, 45
3700, 47
2400, 45
2700, 47
2800, 45
5100, 43
3000, 46
2400, 47
2900, 43
4100, 47
3400, 47
4500, 46
2400, 45
6400, 50
2900, 49
2500, 43
2900, 49
5400, 48
3300, 49
2400, 45
3100, 47
4500, 45
4300, 41
3100, 42
3800, 44
3800, 45
3500, 47
4000, 40
2800, 48
5300, 45
3300, 43
1800, 43
6000, 46
7800, 50
3300, 46
3200, 43
7800, 44
2700, 49
2800, 43
3600, 44
3500, 41
4800, 44
4900, 44
1700, 40
11000, 48
4100, 50
2200, 45
2800, 48
3300, 46
5300, 42
3900, 47
4600, 46
3100, 47
5300, 46
3700, 45
6400, 44
2600, 43
3300, 44
1900, 43
2700, 47
1900, 43
3000, 42
2800, 46
5000, 44
3200, 42
3300, 46
2100, 41
3000, 43
5400, 47
2600, 43
1900, 45
3200, 46
4900, 47
2800, 45
2800, 45
4700, 48
5000, 47
3300, 50
2000, 45
3300, 42
6400, 48
1900, 43
4400, 46
2300, 49
3300, 42
3200, 46
2900, 42
6200, 48
2900, 41
4000, 48
3100, 45
4600, 41
3100, 46
4100, 44
3900, 42
6500, 45
2200, 41
4000, 48
2400, 48
5900, 50
2600, 46
4100, 46
3200, 46
3400, 44
2900, 45
4000, 43
3400, 50
6600, 46
3200, 46
2900, 41
6100, 42
2700, 41
4200, 44
2400, 43
4600, 44
2700, 47
2700, 45
2700, 43
5600, 48
2900, 41
3400, 44
2600, 47
2400, 45
2100, 41
2700, 44
2300, 47
3800, 43
3500, 45
1800, 42
3000, 45
4000, 48
4600, 47
2800, 49
4200, 48
2400, 47
4900, 44
2600, 44
3100, 44
2200, 43
4300, 45
2900, 47
3500, 45
3500, 46
5100, 48
2200, 45
2400, 45
3200, 49
5300, 46
2600, 42
3500, 46
6000, 50
4300, 46
3300, 46
3200, 42
4900, 45
3100, 45
4300, 47
3600, 43
8400, 50
6100, 46
6900, 45
4800, 40
7400, 47
2100, 41
4900, 46
3700, 45
5200, 47
3300, 47
3700, 47
9000, 44
4700, 43
2600, 44
3400, 42
3800, 48
5500, 46
2400, 41
4100, 46
2000, 41
4100, 45
4500, 48
6000, 50
5400, 45
2200, 47
2200, 43
3200, 48
4900, 46
4200, 44
2900, 51
3100, 46
6100, 46
2500, 45
2800, 49
3600, 47
9000, 49
2400, 43
3400, 44
3100, 47
5000, 47
3100, 46
2900, 47
3100, 44
4400, 47
4100, 47
3900, 48
3600, 43
5100, 44
2900, 46
4700, 46
3500, 48
6500, 48
4400, 44
4500, 46
5600, 49
7100, 50
2800, 47
5000, 46
7800, 47
4600, 46
3500, 45
3100, 47
5100, 45
2700, 45
5300, 46
2100, 41
5000, 49
3900, 45
3500, 49
2700, 43
3400, 42
5700, 45
3600, 48
3700, 45
2300, 49
4400, 47
42200, 46
6300, 44
2600, 43
3900, 41
4200, 45
6100, 48
4800, 44
3200, 49
2600, 49
2700, 45
2800, 43
3800, 47
3600, 48
2300, 47
3900, 45
6300, 50
5300, 46
2700, 43
5100, 46
2200, 44
3600, 42
5900, 50
5800, 52
3400, 44
6100, 46
2300, 41
2800, 44
2500, 45
8400, 46
4300, 50
3500, 47
2500, 43
5200, 43
3400, 49
6000, 48
5700, 42
3200, 45
2500, 45
6000, 48
5900, 44
1800, 42
4500, 46
3600, 45
3100, 45
1800, 43
2900, 44
4000, 45
6500, 46
2100, 43
4300, 44
5600, 44
4400, 50
2900, 45
8100, 50
2600, 47
3300, 48
3500, 45
6500, 46
3200, 45
2500, 47
4800, 48
5200, 44
2600, 42
1700, 43
2700, 45
4700, 44
3000, 48
3300, 39
2900, 45
9000, 46
2100, 44
2500, 47
3700, 48
4300, 45
2500, 43
3300, 48
3700, 45
3300, 47
5900, 44
3200, 46
2500, 41
3500, 43
2900, 47
3100, 49
3100, 44
5000, 44
3800, 49
2800, 40
3900, 51
4300, 45
3900, 46
2100, 45
2600, 47
6000, 44
2900, 42
3400, 50
4200, 46
7500, 44
3200, 49
3900, 43
9100, 50
3500, 46
3100, 46
3500, 47
3900, 47
3800, 48
2400, 43
4500, 41
2500, 45
7300, 50
2300, 41
5100, 50
2900, 47
2500, 49
2400, 47
4500, 49
2900, 51
2400, 44
3500, 45
4500, 46
3600, 48
1800, 41
2600, 45
3500, 47
4500, 52
3600, 48
2200, 43
4500, 49
4300, 46
3500, 50
3900, 47
3800, 45
2600, 47
3600, 48
3100, 43
4800, 46
3000, 47
2600, 47
6700, 50
4700, 46
2700, 45
3000, 43
4200, 51
2900, 45
3500, 44
2100, 45
4600, 48
2700, 44
2300, 45
2000, 45
5800, 50
2500, 45
3300, 44
2400, 45
5800, 48
3600, 46
3300, 47
3500, 44
4400, 45
3000, 45
3300, 44
2900, 46
4900, 49
4000, 46
3700, 49
3900, 48
5100, 47
3800, 46
4600, 48
2100, 43
4800, 45
3200, 43
3800, 44
4100, 48
3900, 47
4300, 50
2600, 45
2500, 43
5000, 46
2700, 47
4200, 43
2800, 47
7900, 50
4900, 45
2400, 42
5300, 45
5000, 46
3400, 45
3100, 42
5100, 44
2400, 45
4400, 44
2500, 41
6500, 47
1900, 45
4300, 46
6700, 48
6500, 43
4700, 43
5400, 44
6000, 44
8000, 46
4600, 48
3800, 40
9700, 46
5700, 48
3700, 47
3700, 47
12500, 50
6800, 47
2700, 43
3200, 41
5100, 46
4000, 46
4000, 44
7300, 50
5700, 47
3200, 49
4400, 46
3700, 49
5100, 43
4500, 46
4200, 48
3800, 49
4600, 49
3300, 49
5400, 50
3700, 43
2600, 43
3300, 47
3100, 43
6000, 46
2800, 48
5000, 48
3900, 46
4900, 44
4300, 46
2200, 45
4100, 45
4900, 49
3000, 43
2900, 48
2300, 43
4700, 47
2900, 43
4100, 50
3800, 45
4500, 47
3700, 46
3000, 45
2700, 45
7100, 46
5100, 48
2700, 43
3500, 51
5300, 47
3800, 46
2100, 45
4300, 46
4600, 45
3100, 47
3100, 43
3200, 43
2500, 43
5100, 47
3000, 42
3600, 46
4800, 46
2200, 47
2800, 51
2600, 44
2900, 48
3800, 46
2700, 44
2000, 49
4800, 46
3000, 41
3900, 47
2700, 45
2500, 45
4200, 47
3100, 40
2700, 43
3100, 47
5000, 44
3600, 45
4500, 48
2600, 47
4300, 43
2900, 47
3100, 46
3300, 45
4300, 43
4200, 47
4100, 48
2700, 47
4700, 44
3300, 45
3500, 46
3200, 44
4700, 44
4200, 46
3100, 43
3600, 46
6400, 48
2400, 49
3100, 50
2700, 45
4200, 45
3000, 45
3000, 48
3300, 46
5000, 47
2700, 45
2800, 46
2000, 47
4800, 45
10700, 45
3300, 43
3900, 48
8000, 48
2700, 47
3800, 46
12700, 52
8900, 52
4400, 45
5700, 49
4900, 46
3500, 43
4600, 45
8700, 44
6600, 46
5500, 45
4300, 45
7900, 47
5000, 49
7600, 48
8400, 46
4500, 41
6000, 48
8700, 50
5300, 44
5100, 48
6100, 46
7100, 45
4800, 46
5400, 44
5500, 47
6800, 47
4800, 47
9500, 52
8100, 44
4200, 45
4700, 45
6300, 45
5500, 48
7600, 48
6200, 44
7300, 48
8500, 44
6700, 49
4900, 47
5900, 45
5600, 49
7200, 48
4400, 45
5500, 47
6100, 45
9400, 44
6400, 46
6900, 48
7300, 45
6400, 45
4600, 45
9700, 49
6600, 45
7800, 49
5000, 46
5400, 49
4500, 46
5300, 40
6600, 52
3200, 45
4000, 45
7800, 48
2500, 45
4200, 47
5500, 48
5600, 48
4300, 46
4900, 46
2500, 49
4400, 44
5500, 47
4400, 45
4100, 41
8900, 48
5900, 43
6700, 45
6200, 47
6900, 46
7600, 46
17900, 46
7300, 44
6800, 49
3100, 43
3500, 45
4600, 49
6100, 50
4000, 51
42100, 50
8400, 48
7800, 48
11300, 48
5600, 46
6500, 51
6700, 46
8000, 46
7100, 44
5100, 43
3400, 43
8600, 43
3400, 47
5200, 43
7400, 47
5900, 45
6100, 45
7500, 46
6400, 45
12600, 54
58700, 44
9300, 43
17100, 48
48100, 46
22000, 45
9100, 45
19000, 46
14800, 50
9600, 47
8100, 43
61500, 45
15500, 50
7500, 45
15500, 46
5700, 45
7500, 48
4900, 45
6700, 42
7400, 43
8400, 48
8400, 45
12300, 46
8000, 45
4900, 45
6400, 40
12400, 48
8700, 46
7000, 43
8500, 47
10900, 50
5700, 43
6300, 45
6900, 46
12500, 50
7400, 50
8100, 48
6800, 43
8400, 49
7900, 46
8100, 49
9600, 48
7400, 48
8600, 52
8200, 46
11800, 50
9000, 48
8700, 48
7400, 46
8800, 50
5800, 49
6500, 47
7500, 44
5600, 46
6100, 43
16000, 42
10900, 48
4000, 45
5600, 49
11200, 42
3800, 43
8300, 44
6700, 45
8000, 43
9900, 49
4800, 47
6400, 47
9000, 49
9400, 50
7400, 50
9600, 50
10100, 47
6600, 44
5400, 49
8900, 44
7100, 48
9500, 50
6900, 47
13200, 50
5700, 45
6100, 44
8600, 44
6900, 48
5300, 44
4400, 44
9700, 47
3500, 47
5200, 47
7200, 44
10300, 47
7000, 46
9800, 52
7800, 48
4700, 49
7700, 46
6300, 43
12400, 48
7400, 48
6000, 45
6700, 47
10800, 50
6100, 44
5200, 45
8500, 48
9400, 43
8800, 44
4800, 45
8400, 49
8800, 45
5500, 47
5700, 48
5200, 43
13600, 54
5900, 50
5100, 51
9000, 46
4500, 49
5100, 48
5400, 47
8000, 47
8000, 46
5600, 46
7400, 47
9500, 46
5600, 44
5900, 49
5100, 45
6400, 49
5100, 45
6000, 43
6500, 51
8800, 43
7300, 44
5100, 44
8800, 46
9200, 44
6000, 44
9700, 48
10000, 46
7200, 48
7500, 48
7400, 50
7100, 50
11300, 54
9300, 48
6400, 45
7600, 46
3600, 42
9300, 48
5200, 49
5800, 45
8600, 50
12200, 44
5200, 41
6000, 49
11400, 50
4800, 45
6800, 48
4600, 46
10000, 50
6200, 43
6500, 46
6200, 44
9400, 44
8600, 50
8900, 48
7800, 45
5500, 44
8800, 46
8300, 45
6800, 44
8100, 44
6200, 51
6300, 47
9000, 47
8500, 50
6700, 45
7600, 45
8400, 43
9900, 51
6900, 44
6500, 48
6300, 47
6800, 47
5100, 45
6200, 45
11400, 50
5500, 46
7100, 53
5600, 47
5200, 43
17600, 46
9800, 48
7700, 46
7100, 49
7600, 49
7100, 44
8400, 53
5400, 48
5200, 45
6500, 46
7000, 41
6000, 44
5500, 45
5300, 48
5400, 44
5700, 47
5400, 45
8900, 44
8400, 42
5800, 47
6100, 49
6300, 46
9100, 45
6500, 43
10200, 48
7400, 49
5900, 47
7500, 50
5400, 43
5100, 44
6900, 45
10300, 50
6100, 50
6600, 44
6800, 47
6400, 41
5700, 45
6500, 50
9600, 49
6800, 49
6400, 44
8800, 47
9400, 45
34900, 49
18400, 43
7800, 49
5200, 43
9200, 45
4700, 45
4800, 44
4200, 45
12000, 50
7200, 50
5500, 44
6200, 49
6500, 47
7800, 51
11300, 49
4700, 40
9500, 50
4800, 47
8600, 48
5200, 43
7300, 51
6500, 45
5200, 48
6200, 46
8500, 49
7700, 45
3600, 45
6000, 48
14600, 52
6800, 46
5100, 49
9500, 45
8400, 44
5800, 48
7100, 47
6500, 43
11800, 52
6000, 45
7000, 47
5300, 45
5600, 50
4800, 49
5000, 44
7400, 47
5900, 47
4100, 47
10100, 50
5700, 48
5000, 47
6900, 52
7700, 47
4800, 45
5700, 47
4000, 51
9000, 48
4900, 44
5500, 43
7000, 44
8000, 50
7700, 50
5900, 49
5400, 47
8200, 44
6200, 51
4500, 47
6400, 49
7400, 48
3200, 41
6000, 48
4600, 47
5100, 47
6600, 47
6000, 42
4800, 47
4700, 43
10100, 48
4800, 51
6600, 50
3900, 43
6700, 51
6300, 50
4700, 45
5300, 46
7600, 42
5500, 50
5100, 43
6900, 50
7400, 46
8700, 50
7300, 49
8300, 44
7200, 44
7300, 51
8400, 46
10200, 49
4900, 45
7800, 48
4600, 48
10100, 48
7100, 50
6300, 50
5000, 47
4300, 43
5700, 43
3900, 50
6200, 46
6600, 48
5400, 49
4400, 45
5000, 45
14400, 54
5400, 51
5300, 50
9100, 50
6500, 42
4900, 42
7000, 50
8000, 52
6200, 54
8500, 46
5200, 46
6300, 47
5800, 50
9200, 47
9800, 52
7000, 48
6400, 46
4800, 45
5000, 46
5100, 46
9600, 50
4000, 47
6400, 45
5600, 42
7600, 51
6300, 48
6000, 49
3700, 49
4200, 45
10500, 50
6000, 51
8500, 50
6500, 51
6500, 47
4800, 52
4200, 49
6500, 45
7200, 46
3500, 47
7100, 47
6000, 52
8400, 41
10700, 50
4000, 45
4600, 41
11300, 50
4600, 45
4800, 46
8000, 46
11200, 50
6500, 48
8700, 48
5300, 45
4900, 47
5700, 47
8700, 48
6000, 45
6200, 44
7600, 48
7400, 48
6700, 42
5700, 50
3100, 43
9800, 54
4800, 51
5400, 51
4500, 51
6000, 43
5000, 49
5400, 47
5800, 48
6100, 50
5100, 47
5200, 51
4900, 44
8100, 47
3600, 43
5600, 49
7700, 46
6200, 47
6600, 49
6000, 48
6900, 49
4100, 47
7400, 51
5600, 48
5200, 44
6000, 46
4400, 44
5300, 50
6500, 53
3700, 41
6900, 46
5400, 49
5500, 46
5200, 53
8800, 48
5000, 41
4000, 43
3800, 38
14900, 47
5000, 49
6200, 50
5600, 46
7400, 47
5800, 52
5400, 47
5800, 46
6700, 43
5700, 48
5900, 45
5800, 47
6200, 43
5800, 47
4400, 45
4800, 45
11400, 50
4600, 45
5200, 49
4400, 51
5200, 47
7100, 51
5100, 45
6800, 51
6900, 46
8700, 45
5000, 44
3700, 41
5700, 44
7200, 42
3600, 43
5000, 47
4100, 43
6100, 40
5900, 48
4800, 42
10800, 50
5100, 47
4300, 43
4300, 45
5300, 47
7800, 48
6100, 50
9700, 52
6500, 45
4400, 45
9600, 52
7800, 46
3500, 41
4400, 43
5800, 48
12200, 50
6600, 47
6000, 49
7200, 45
4600, 47
6000, 48
5900, 48
8700, 51
5700, 49
5600, 46
5400, 45
5100, 46
7700, 42
3800, 47
5400, 53
6500, 46
7400, 51
4900, 45
4900, 46
4100, 42
7500, 50
5600, 49
5100, 50
5200, 43
5000, 49
6100, 46
6200, 51
10100, 50
4600, 45
3300, 40
4700, 47
6600, 46
6200, 43
7200, 54
3600, 41
4800, 47
6500, 46
4300, 45
7200, 49
7200, 48
9000, 50
6300, 47
8300, 48
8200, 42
5900, 49
5500, 49
5000, 49
5900, 45
8100, 47
4800, 47
5200, 49
5500, 45
8000, 49
5200, 50
2900, 43
4400, 47
6100, 47
7000, 46
7000, 48
5800, 42
5600, 47
6600, 43
6000, 48
5000, 48
4500, 45
8000, 46
6200, 50
5800, 49
5200, 51
8200, 47
6200, 50
4700, 41
10000, 48
3900, 46
4900, 43
6200, 45
8100, 45
4900, 49
5300, 48
7900, 48
7500, 46
4900, 48
3800, 45
8400, 44
5300, 46
4000, 43
5200, 47
11600, 52
6800, 46
4800, 48
5600, 49
8000, 50
4900, 51
5100, 45
3700, 46
5700, 45
5000, 47
5700, 45
5100, 50
5500, 47
5000, 48
5400, 46
4300, 47
7300, 51
4600, 44
5900, 44
4800, 47
8100, 46
5500, 48
6300, 47
5300, 48
4600, 45
8000, 50
8100, 52
7800, 46
5900, 46
4400, 49
3600, 49
9200, 49
4800, 45
5900, 49
5100, 45
6500, 43
6300, 49
5900, 48
8100, 52
9600, 47
5100, 43
6000, 47
6400, 50
9200, 47
3600, 49
5800, 38
5400, 48
13100, 54
5300, 48
5400, 50
4300, 45
7400, 52
5200, 47
4600, 49
5000, 42
5900, 47
5000, 48
5700, 51
4700, 51
8900, 51
5000, 44
6300, 44
5000, 41
6700, 47
9900, 51
4500, 45
5300, 49
5100, 46
6100, 45
5100, 45
4600, 45
4900, 43
8800, 47
5500, 44
7800, 48
5300, 40
9600, 49
4800, 45
4400, 47
4000, 47
4500, 44
5500, 49
5100, 49
6700, 48
4500, 43
11000, 40
5900, 44
4900, 42
5200, 47
9100, 47
4400, 47
6300, 49
3800, 49
6800, 42
5300, 48
6300, 49
5000, 46
6800, 48
5100, 49
5100, 48
13700, 52
6500, 49
9600, 52
4400, 46
9500, 43
5400, 50
4700, 48
5500, 51
6900, 50
5600, 44
5500, 49
6100, 51
10000, 51
5800, 48
5200, 48
7300, 50
4000, 43
5300, 51
3800, 51
3800, 46
5500, 43
4000, 49
8900, 46
5500, 49
7400, 51
5900, 50
5900, 51
5500, 45
4300, 45
4900, 45
5600, 44
4700, 47
16700, 54
4900, 51
5100, 49
9900, 45
5400, 52
5700, 45
4100, 46
10900, 53
7400, 48
4600, 49
6000, 46
9500, 50
8700, 46
6700, 48
7200, 50
5200, 49
8400, 50
10400, 50
3900, 51
7000, 48
5600, 48
8800, 49
6900, 46
4500, 45
3900, 49
8600, 51
9000, 50
6100, 49
9500, 48
5200, 46
5200, 50
4000, 49
6900, 51
5500, 42
4400, 43
4300, 47
4700, 47
6900, 51
4700, 42
6100, 48
4700, 45
7500, 50
8000, 50
4700, 43
9400, 55
6400, 49
7100, 51
4800, 42
8600, 46
5000, 49
6300, 46
5500, 50
9200, 48
6100, 50
4300, 50
5500, 49
7300, 48
3400, 43
3200, 47
7400, 48
8800, 49
7500, 46
5200, 51
11500, 52
6500, 54
6300, 48
7500, 49
7800, 50
5300, 43
8200, 50
6600, 49
5700, 51
4500, 47
5400, 44
8200, 46
4800, 47
4300, 51
7600, 44
9700, 48
7000, 50
5100, 49
8400, 42
6300, 44
7100, 49
5000, 45
5000, 47
5100, 43
5200, 47
5100, 47
4600, 45
6600, 43
5100, 45
6400, 46
5000, 46
6900, 50
3900, 47
4800, 44
7500, 50
9000, 52
3400, 45
4100, 45
7200, 44
5100, 45
3900, 47
6100, 46
166000, 50
11900, 45
12800, 46
19900, 52
14200, 47
116900, 47
21300, 45
12000, 48
17600, 50
8500, 49
7900, 52
8300, 45
6600, 51
8800, 42
8000, 47
8000, 49
7100, 45
5200, 45
6600, 46
46800, 50
5400, 47
8300, 40
9300, 51
14700, 48
8900, 46
7200, 53
7200, 46
10500, 48
14300, 45
9900, 50
7000, 49
7100, 43
5600, 43
8900, 50
11500, 48
9800, 51
7200, 50
7000, 48
10100, 50
6700, 45
8600, 50
7000, 44
8300, 45
7600, 47
6200, 43
18400, 54
5400, 44
4900, 46
5300, 47
8900, 47
5300, 44
7200, 47
5200, 46
6900, 47
6700, 48
6500, 46
9700, 51
4500, 43
7400, 47
6800, 46
6800, 46
7500, 45
4800, 47
5100, 43
4800, 43
10000, 48
5800, 49
9700, 50
13000, 52
4300, 43
6000, 47
3800, 40
8900, 43
4600, 47
5400, 45
5500, 47
11400, 48
5400, 48
12300, 54
5100, 47
10400, 51
7700, 51
6000, 45
6100, 48
7200, 47
12200, 52
6900, 49
9600, 47
4900, 46
10000, 49
6400, 46
5900, 47
7200, 43
6600, 48
5300, 46
7900, 53
9400, 49
6100, 47
6800, 49
5800, 47
11100, 50
5400, 47
9700, 50
12300, 50
6200, 45
8200, 48
12000, 46
5600, 43
10100, 48
9300, 51
14400, 52
7500, 46
6700, 51
7500, 49
8600, 47
6800, 52
5300, 42
4400, 45
8300, 48
12700, 46
7000, 43
6300, 47
13200, 48
6700, 44
5900, 46
8600, 50
6600, 46
6900, 46
4900, 44
6700, 43
7700, 47
4700, 45
4800, 47
5300, 44
8700, 49
6700, 47
6600, 46
4700, 43
9300, 50
6500, 51
5700, 49
8300, 46
10600, 48
6500, 51
8300, 52
4900, 47
7800, 49
7100, 49
5200, 51
6600, 44
9500, 46
5700, 44
8100, 46
5000, 44
7700, 48
6100, 45
7400, 50
6800, 50
7500, 49
4300, 45
5100, 51
6300, 43
7200, 45
4200, 49
8400, 44
6800, 52
9800, 48
6200, 44
6300, 47
6100, 48
8600, 48
6900, 46
6800, 50
9900, 49
8700, 53
7500, 48
6900, 50
9300, 46
7800, 48
6000, 50
23000, 56
8300, 51
8200, 46
9200, 47
37100, 48
7200, 45
14700, 50
8100, 49
8600, 46
9300, 48
11700, 49
8300, 47
10100, 48
6800, 51
27500, 48
15500, 46
4700, 45
26200, 50
9700, 43
7500, 43
6800, 48
5700, 45
11000, 50
10900, 54
4600, 51
11100, 50
8500, 46
8800, 44
6800, 45
11600, 46
7400, 51
9000, 51
8500, 48
8500, 49
11800, 50
5600, 50
6500, 47
9700, 52
7600, 45
5800, 45
4900, 47
8700, 45
7900, 50
7000, 45
5900, 45
6200, 49
8700, 41
6300, 46
5100, 46
6700, 47
9300, 46
13800, 52
7600, 48
8800, 49
7800, 48
8700, 48
8800, 48
12800, 48
5200, 49
5900, 46
12300, 52
7400, 51
8200, 49
7500, 43
7900, 47
5000, 43
7200, 47
6100, 51
9500, 52
5500, 51
6100, 43
6900, 45
6800, 52
8600, 48
7100, 49
8600, 46
5500, 47
7500, 48
6500, 47
7200, 47
6800, 51
9800, 51
10500, 48
6400, 45
6100, 42
8500, 47
8000, 53
8700, 48
8300, 48
8800, 47
5200, 51
4400, 40
43700, 52
10100, 46
6700, 48
4600, 47
5100, 51
7800, 48
9900, 48
5800, 53
6100, 51
12000, 48
8900, 49
8800, 48
4900, 47
7500, 45
7000, 46
3800, 47
8900, 49
7500, 51
5300, 42
4400, 46
2500, 42
7200, 50
5300, 48
4700, 45
6400, 51
4500, 44
3100, 45
5600, 51
5900, 43
6300, 48
4800, 49
4800, 51
5400, 41
4500, 47
3600, 46
4100, 51
3200, 49
6900, 47
3800, 49
5400, 50
3200, 49
5600, 46
4000, 50
4400, 49
4500, 49
7400, 44
3300, 47
3000, 40
4100, 45
6000, 50
3500, 47
3600, 47
4000, 45
8000, 52
4400, 47
2900, 42
4400, 47
7700, 50
3900, 51
4500, 48
3500, 47
5400, 47
5300, 52
3700, 50
4100, 47
4700, 48
4300, 50
5000, 53
4300, 45
2400, 42
3300, 45
4200, 44
8300, 44
4100, 49
4100, 42
5500, 46
2700, 51
8000, 50
2700, 46
2800, 46
3500, 45
5400, 42
3600, 49
4300, 50
3800, 46
5100, 47
3500, 47
4300, 51
3900, 51
5100, 47
7400, 50
7100, 50
5700, 45
5600, 50
3700, 44
4100, 47
4700, 49
4100, 49
3500, 44
4000, 47
5800, 45
2700, 46
3800, 49
3800, 47
3300, 45
3900, 49
5300, 48
11100, 56
4000, 49
3900, 49
6000, 46
6800, 43
4900, 44
4100, 47
4800, 46
8100, 48
4600, 47
3000, 47
3800, 46
9400, 52
4900, 49
4000, 45
3700, 51
6800, 48
3100, 47
3000, 48
7300, 50
6100, 50
4000, 50
4400, 43
6700, 50
3500, 51
5400, 46
5100, 52
5500, 50
3700, 48
5100, 48
4600, 45
4200, 47
2800, 45
3100, 47
2900, 47
4800, 45
3000, 48
3700, 44
4300, 51
5700, 45
5900, 48
3300, 43
3600, 47
5300, 45
5400, 52
4400, 50
7200, 48
3600, 51
5100, 50
4500, 51
3700, 42
3400, 47
6200, 48
3300, 45
5600, 47
4900, 51
3900, 47
1800, 42
4200, 49
5000, 48
6700, 52
3900, 44
4900, 45
4700, 48
3200, 49
3500, 41
6200, 46
7400, 52
3200, 44
4700, 43
4000, 51
3000, 45
4000, 48
3100, 49
4400, 46
4400, 46
3300, 45
7900, 48
3600, 44
10900, 52
3000, 49
3200, 45
4500, 48
3000, 47
4100, 45
4900, 45
3700, 51
3800, 46
3700, 50
4200, 47
2200, 44
6800, 48
5500, 47
3300, 45
2900, 44
4400, 45
3400, 48
4800, 47
3700, 51
3500, 47
3600, 49
5200, 49
4100, 50
2800, 46
5000, 46
3400, 48
5100, 48
2200, 42
5500, 51
5300, 50
4100, 48
5000, 52
6200, 50
4800, 51
3000, 44
3700, 48
5100, 42
5600, 48
4100, 49
5100, 45
3100, 43
3600, 45
5100, 44
6100, 47
4300, 49
3400, 47
2700, 43
3900, 47
4600, 47
3300, 49
4800, 49
3100, 49
4200, 46
3600, 45
5700, 50
4300, 48
6900, 46
5000, 42
3500, 49
4300, 44
7300, 52
3900, 49
4200, 49
6200, 50
6600, 50
8000, 54
5900, 49
6800, 50
4400, 47
10500, 50
4900, 44
8400, 50
8200, 49
5100, 47
6900, 48
10700, 49
8000, 41
4900, 47
4900, 49
4000, 48
4300, 44
4300, 48
5100, 46
4800, 47
5800, 45
3700, 47
6200, 46
4600, 49
5200, 48
4500, 44
3200, 46
4700, 49
5200, 47
2700, 46
3300, 49
4800, 52
6000, 49
4200, 44
3400, 53
5200, 48
5600, 47
4200, 47
3700, 47
2500, 43
2900, 42
3300, 45
4500, 48
5000, 49
6700, 52
4100, 51
5700, 48
3600, 49
4100, 51
4600, 43
3000, 47
4800, 50
4000, 48
3200, 47
4100, 50
4000, 48
7700, 54
4900, 48
3500, 49
3900, 51
4200, 46
3100, 45
3200, 49
5000, 50
6200, 48
4400, 45
3600, 45
4700, 44
4800, 49
3900, 44
3000, 44
3600, 50
6300, 50
3300, 49
4700, 49
3100, 47
5000, 46
6700, 50
4200, 51
5200, 45
5400, 51
4100, 44
3400, 51
2900, 43
5600, 52
3400, 45
3200, 48
4100, 48
5400, 52
3400, 49
3000, 47
2700, 42
9300, 50
2200, 44
3200, 49
5100, 50
5000, 49
3600, 48
3900, 51
5700, 48
4700, 47
3200, 53
3000, 51
7100, 47
5600, 47
3700, 51
3300, 45
3900, 47
3700, 45
5500, 45
4300, 53
3800, 49
3900, 47
5900, 46
3700, 46
4800, 48
3200, 47
5000, 45
3100, 45
7300, 48
4800, 51
2600, 42
3900, 46
3700, 51
4600, 46
3600, 47
3300, 52
3400, 43
3400, 49
5500, 47
3000, 45
4300, 50
4200, 49
4700, 50
3200, 46
3700, 51
5500, 52
5400, 47
3400, 51
4000, 49
2900, 47
6000, 48
5200, 48
3900, 47
3400, 47
7000, 46
4200, 49
3600, 47
8100, 54
5800, 50
2900, 49
3800, 45
3200, 47
12300, 48
9200, 50
4600, 47
6400, 45
6900, 50
3800, 51
3700, 50
7300, 54
4800, 45
6200, 48
5400, 49
7500, 50
3200, 48
10700, 52
3900, 47
4000, 47
4000, 49
4100, 48
5100, 45
3500, 45
3400, 50
5400, 52
4300, 48
5000, 50
7600, 50
5100, 47
6100, 53
4100, 43
4100, 51
4100, 45
3900, 49
3700, 53
3500, 49
4700, 45
9500, 52
4200, 51
3900, 47
5100, 46
9700, 50
4800, 46
4200, 45
7200, 50
5700, 48
3800, 50
4900, 49
6200, 50
3800, 45
3900, 52
3300, 47
6100, 42
4400, 47
2900, 51
3800, 47
2900, 49
3000, 51
2000, 44
4200, 46
3100, 47
4800, 51
3600, 47
2900, 49
4800, 50
7200, 52
4600, 46
5100, 47
5400, 40
10800, 52
3700, 47
4300, 44
5800, 51
3000, 44
3300, 49
5200, 50
6700, 50
4400, 43
3700, 43
2300, 46
6800, 52
3800, 51
3600, 48
3100, 49
5300, 49
4600, 49
3500, 49
3800, 47
7000, 52
6100, 54
2900, 45
6500, 50
3000, 49
3500, 47
3900, 47
3100, 45
7100, 48
4700, 55
5000, 48
2900, 47
6500, 49
5500, 52
2900, 48
6900, 46
7300, 48
3800, 47
3600, 43
7600, 47
5100, 49
3500, 44
5000, 46
7800, 53
3700, 49
4100, 53
2800, 44
9800, 54
3600, 51
3000, 47
6500, 49
3400, 53
5300, 52
3600, 51
5500, 50
6900, 48
3900, 49
4400, 54
3400, 45
7500, 53
3400, 52
5800, 48
6900, 52
3000, 51
4000, 45
3600, 53
6100, 48
7500, 52
3300, 49
7200, 52
2400, 46
4900, 52
3700, 49
8200, 50
3300, 53
6100, 48
2400, 40
4100, 40
2500, 46
4900, 52
3800, 48
4800, 46
3600, 47
3700, 45
4000, 49
6800, 46
3500, 45
3500, 47
3400, 43
5100, 46
4000, 49
3100, 49
3100, 43
10700, 52
4000, 51
2900, 47
4500, 49
2600, 40
4800, 47
4100, 46
3800, 51
3500, 49
6800, 48
2000, 42
5800, 50
2500, 48
9500, 56
3100, 48
3300, 47
6100, 53
3300, 49
5300, 52
4600, 46
5300, 46
4900, 46
5600, 48
5400, 53
4900, 44
6000, 46
3400, 49
5100, 49
6500, 54
4400, 48
5900, 52
3800, 47
5400, 50
3600, 49
6300, 51
5900, 44
3900, 47
2400, 46
5100, 47
3800, 50
2900, 49
3000, 49
4900, 48
3300, 48
2700, 49
4900, 46
8600, 47
5400, 48
5900, 46
5100, 52
8400, 50
3700, 49
3600, 49
3900, 51
6900, 53
3700, 49
3700, 43
3600, 49
7800, 47
4000, 48
3400, 43
3300, 49
6800, 50
3100, 42
4400, 49
3900, 49
7000, 44
4500, 43
3100, 46
3400, 46
6000, 50
3500, 48
4000, 44
4200, 52
3900, 49
3700, 51
3600, 45
2700, 44
3900, 45
5100, 47
3600, 45
3600, 49
3600, 45
3800, 49
4100, 51
4200, 48
2500, 43
3800, 49
5000, 45
3100, 47
4600, 52
4600, 54
5400, 53
5300, 44
3000, 47
3200, 45
5100, 45
4000, 47
4500, 45
5500, 50
6000, 48
2800, 49
3100, 47
4400, 47
7000, 48
4000, 48
3300, 48
3500, 48
5400, 51
3200, 49
6900, 49
8000, 48
7100, 43
5400, 49
4800, 48
6200, 47
7600, 45
4600, 48
5700, 49
7900, 48
7300, 49
4900, 47
8500, 48
7000, 48
7700, 52
7500, 52
5700, 50
5000, 45
6500, 43
7000, 52
5300, 46
5200, 47
8000, 45
8000, 45
7900, 50
5000, 49
7500, 51
6300, 49
6100, 53
5400, 51
6000, 53
15400, 48
5300, 49
5800, 48
4000, 51
6500, 49
4900, 45
3800, 50
5300, 46
5100, 49
4200, 47
5300, 52
3600, 47
6000, 46
3300, 53
8300, 50
6500, 50
4200, 41
5100, 50
3800, 46
5800, 44
5000, 50
4200, 52
6100, 50
4800, 48
6100, 48
4400, 50
5400, 47
3500, 49
4300, 48
4800, 51
5000, 46
4300, 50
5500, 50
6600, 45
8800, 51
11300, 56
5800, 47
9500, 44
6400, 50
5300, 48
9400, 50
5400, 47
7100, 50
5500, 48
7400, 50
7500, 46
5400, 49
7700, 49
8100, 46
6600, 50
6700, 47
7900, 49
11500, 49
6200, 47
6400, 48
6700, 49
11800, 50
6600, 47
6900, 51
6200, 46
10700, 46
4400, 45
4800, 49
4300, 42
11700, 51
8400, 53
5400, 46
3800, 50
4300, 45
4600, 49
6900, 52
5900, 52
6400, 44
2700, 42
5400, 48
10200, 46
7700, 49
6100, 46
9500, 50
8600, 51
6700, 51
11200, 49
8300, 51
8400, 50
8900, 47
6200, 43
11200, 53
6700, 51
9200, 51
6000, 45
12100, 50
43900, 49
28100, 50
8500, 51
7400, 45
11000, 52
17300, 48
13400, 52
42600, 51
13100, 50
9000, 53
7000, 43
11600, 52
11400, 48
6500, 43
6900, 51
9200, 48
9300, 47
7600, 43
7200, 43
5600, 49
10300, 50
7400, 49
8200, 50
9200, 48
9600, 48
6000, 47
8400, 47
9300, 50
9000, 50
6900, 47
9400, 48
10900, 44
8200, 48
8200, 50
14400, 50
12500, 48
4800, 48
3600, 51
4600, 45
4800, 50
4100, 49
4000, 50
7400, 46
4700, 46
4100, 48
8600, 52
3200, 51
4100, 47
4300, 49
6300, 46
3800, 47
3800, 47
4800, 44
4300, 44
4300, 50
4100, 47
6300, 50
4200, 48
4900, 48
8100, 49
7000, 46
4000, 50
3900, 46
4400, 46
7600, 47
6400, 49
10900, 45
4900, 49
7200, 55
16400, 46
6000, 51
6700, 45
6600, 44
8200, 48
6200, 45
7100, 49
7400, 51
9800, 48
9300, 52
6400, 42
9700, 50
5700, 51
9300, 48
8700, 48
7600, 52
5200, 43
7500, 48
7100, 42
6900, 47
7400, 52
7900, 48
12000, 50
7600, 49
4400, 47
6500, 47
7200, 42
8700, 50
6500, 49
4500, 47
9000, 47
6200, 47
9500, 52
8200, 47
8000, 48
6600, 45
8200, 53
6900, 46
8300, 49
7000, 46
7700, 50
6500, 47
7700, 52
8500, 52
5700, 46
9400, 47
9400, 50
8000, 52
6100, 48
9000, 47
6400, 43
8000, 52
5600, 44
12700, 54
5700, 49
7300, 46
6600, 49
14900, 49
7600, 53
41700, 51
13000, 50
13800, 52
10600, 50
6400, 47
7900, 43
15400, 46
7700, 47
8300, 54
7400, 45
11100, 50
7100, 47
6500, 51
8800, 46
12100, 50
6000, 47
31700, 52
23400, 52
5500, 46
8300, 50
7400, 47
6800, 49
8000, 47
90900, 46
23600, 47
17400, 48
14500, 49
16700, 51
23800, 54
66600, 53
15400, 49
9400, 48
18300, 48
12200, 47
9700, 49
12000, 49
6400, 50
15200, 45
8900, 47
8500, 47
12100, 50
54800, 50
17200, 47
16800, 50
6100, 48
14000, 46
13700, 48
15900, 52
6500, 51
10900, 53
10900, 50
10300, 52
10800, 49
9000, 45
12500, 51
10200, 49
11200, 53
9000, 49
10500, 46
7200, 51
12700, 53
9700, 44
7800, 51
8700, 51
9300, 53
8200, 50
10200, 47
10100, 52
14200, 46
7600, 51
4900, 42
6800, 52
8300, 51
8200, 51
5700, 42
15600, 46
9900, 46
6800, 49
7500, 45
9000, 46
8800, 49
7600, 45
5100, 45
4900, 44
9400, 46
7000, 46
12000, 50
7400, 53
10300, 49
10400, 49
7800, 47
8700, 49
13200, 52
10400, 54
9200, 48
15900, 45
10300, 47
4400, 46
6400, 43
8700, 50
12400, 43
7600, 47
8500, 48
8700, 53
8500, 43
7000, 49
7800, 51
8200, 53
6800, 48
5900, 51
5700, 47
7900, 52
6900, 53
9500, 50
11000, 48
9300, 48
7000, 40
7600, 49
7700, 51
6200, 51
8800, 49
8400, 45
6800, 45
3800, 46
6600, 51
11100, 48
8500, 47
6700, 50
7500, 44
11500, 48
7600, 50
6200, 45
4500, 46
9900, 49
8200, 48
7000, 46
6400, 49
8300, 51
7800, 47
7300, 45
5200, 43
10200, 46
6300, 45
7900, 52
7200, 47
9400, 50
7100, 45
7000, 53
6000, 47
8900, 46
7400, 46
4600, 47
6300, 48
9700, 47
7900, 46
10500, 52
5200, 51
7700, 47
5700, 47
7500, 51
6900, 48
9500, 47
11300, 54
9100, 46
5200, 45
10100, 49
10000, 51
7000, 49
6400, 53
7600, 50
6100, 46
7900, 47
8600, 51
5100, 45
10600, 47
8100, 47
16700, 54
8500, 53
5600, 48
7300, 45
7300, 45
7000, 46
7600, 47
7200, 49
9300, 48
10100, 48
6400, 47
7500, 49
7000, 50
14600, 52
9300, 48
10300, 53
6000, 49
9100, 49
16100, 47
10900, 44
7300, 47
9500, 51
8200, 50
7300, 46
9900, 49
10300, 50
6300, 52
7800, 49
6600, 49
7600, 46
7700, 48
13400, 52
10400, 44
9300, 52
9900, 52
8900, 49
10900, 45
8700, 50
6000, 47
8200, 45
11200, 51
13900, 52
5900, 51
9200, 46
12200, 50
8100, 53
7300, 47
10800, 48
13900, 48
7500, 47
7000, 49
9500, 50
9100, 49
7000, 51
11500, 53
12000, 49
10200, 50
8300, 48
6500, 47
22000, 56
12800, 56
12700, 50
8400, 45
6600, 49
33400, 47
20100, 46
9800, 45
11000, 48
9400, 49
6000, 53
15600, 49
11000, 49
7500, 51
6300, 46
15800, 53
12600, 48
7200, 48
14700, 50
7800, 47
11200, 50
7800, 46
10300, 47
18100, 50
8600, 47
10300, 50
11100, 49
10300, 52
5700, 49
7600, 49
13200, 46
9500, 48
7200, 51
7400, 43
4500, 51
8200, 47
11500, 50
8600, 51
16700, 47
8300, 50
5000, 50
6700, 46
12900, 50
52500, 53
17500, 51
12700, 48
18100, 52
9900, 51
11300, 48
8600, 43
11600, 45
17800, 52
6500, 47
8500, 47
9300, 52
10700, 49
8700, 48
12400, 50
10100, 49
9000, 46
12600, 52
7100, 53
10500, 47
8900, 46
8500, 45
6800, 44
9300, 47
9600, 44
9500, 48
12600, 43
6000, 45
8800, 46
9900, 44
7900, 52
9200, 56
8900, 51
6500, 47
6900, 51
6200, 47
5700, 49
14100, 54
5800, 48
9200, 49
13700, 54
11000, 49
8200, 46
10000, 52
9500, 46
9100, 48
10900, 49
9100, 46
8800, 51
9500, 56
8600, 44
7400, 48
12500, 51
8600, 53
9900, 46
8000, 49
6200, 46
7300, 51
5800, 43
7100, 51
14600, 46
10200, 45
10700, 49
11600, 50
8900, 48
8800, 51
9100, 46
8800, 46
10800, 48
6800, 45
8900, 47
6800, 53
7100, 44
5500, 44
7700, 47
7800, 50
10400, 50
8300, 45
8900, 46
7100, 46
8200, 46
8500, 49
9100, 47
9100, 50
6500, 47
7500, 51
6900, 52
5500, 43
6700, 47
8900, 49
6700, 40
5100, 49
10200, 50
14100, 53
10300, 50
9900, 50
11100, 53
9000, 53
6600, 45
7400, 51
7400, 47
7500, 47
6400, 50
9400, 52
11400, 51
10500, 53
10300, 50
12400, 54
9500, 48
12000, 50
8000, 49
6700, 51
10600, 47
8300, 47
9500, 52
12900, 50
6500, 53
10900, 48
10800, 50
9600, 51
9600, 49
8000, 53
9400, 50
6300, 50
7900, 46
8800, 49
16600, 54
7700, 52
8800, 52
11500, 52
9800, 47
9100, 47
11800, 45
10000, 45
7300, 45
9700, 46
10200, 47
7500, 52
11400, 45
7300, 47
7300, 43
7000, 49
10400, 46
9500, 49
8100, 47
6800, 46
18100, 47
10000, 47
7700, 51
8700, 48
9100, 51
12000, 48
10400, 49
10000, 51
8100, 47
8500, 46
7400, 44
5600, 47
10300, 50
11100, 46
5300, 45
8100, 48
13600, 52
11400, 50
7100, 49
9800, 49
12300, 50
9300, 47
9400, 44
9200, 49
11900, 52
7800, 48
9400, 49
7000, 47
8400, 49
5700, 49
7400, 48
346300, 53
26100, 48
12100, 52
11600, 47
11700, 45
12600, 49
15400, 50
8700, 51
9500, 47
13300, 50
11200, 57
7600, 45
8600, 47
10200, 50
6600, 50
10900, 51
7900, 45
8500, 49
8500, 47
8100, 44
6000, 51
13700, 48
9200, 48
10800, 53
6100, 50
14100, 50
16400, 56
8400, 49
9700, 47
9600, 53
10800, 45
8400, 50
10600, 50
9800, 47
10100, 44
6800, 48
11400, 49
11900, 52
10100, 47
8000, 45
12200, 47
5900, 48
7300, 46
7500, 50
8100, 49
8200, 46
9500, 49
9600, 51
7300, 49
11400, 48
6200, 42
7300, 49
8000, 47
6800, 42
5900, 49
6800, 49
10600, 55
8700, 49
7300, 49
5900, 45
9200, 49
6800, 46
8600, 51
7300, 51
6500, 45
10400, 48
7800, 47
6000, 49
8200, 48
8000, 46
7800, 45
8800, 49
8200, 48
6800, 46
10500, 49
6000, 47
7400, 50
8500, 46
9400, 49
7200, 47
10400, 44
5500, 46
12100, 46
11600, 57
8500, 51
10000, 50
11300, 47
9100, 51
7900, 48
7600, 48
10300, 47
10200, 49
11100, 44
7500, 47
8700, 44
7800, 49
8600, 51
11100, 52
10500, 53
6500, 45
6200, 47
8600, 53
12800, 52
5700, 48
9300, 50
8000, 45
8900, 42
8900, 51
6800, 51
9200, 51
13100, 50
8000, 48
9200, 52
6000, 47
8800, 46
6200, 44
5100, 46
4200, 42
9100, 47
6100, 48
9800, 46
10900, 50
4900, 44
6200, 47
6500, 49
7500, 46
9300, 53
9200, 49
7500, 51
7400, 49
9600, 45
10600, 52
9700, 48
15600, 54
8400, 50
8800, 50
9800, 50
5800, 49
10600, 52
7400, 48
16900, 52
7900, 51
11900, 52
13400, 48
5200, 48
8800, 48
5800, 42
12600, 50
5900, 48
7800, 45
6100, 45
9900, 48
6700, 47
7400, 45
6800, 43
12100, 48
4600, 43
6200, 49
7600, 47
9600, 49
6500, 48
7000, 47
9300, 50
11000, 50
11700, 52
6500, 46
6900, 51
11800, 52
8900, 50
6200, 48
6100, 49
8400, 52
6300, 47
6500, 53
7900, 46
15700, 46
5600, 46
7600, 46
5300, 47
12400, 52
8400, 51
6100, 49
10100, 50
6600, 47
8200, 52
6500, 50
9300, 47
8700, 52
10000, 48
9100, 45
6400, 48
8400, 46
7600, 44
7700, 47
8700, 49
8600, 51
6100, 47
10300, 51
8800, 52
8500, 50
6700, 52
7400, 49
7800, 47
7000, 55
7700, 48
12000, 54
5900, 51
5700, 49
8700, 50
8300, 43
7200, 49
7200, 51
7500, 51
6100, 53
12200, 52
6900, 46
9200, 57
6300, 49
8600, 50
6400, 49
7900, 50
12200, 52
9700, 48
6200, 47
6700, 49
13400, 48
8800, 54
7600, 51
11200, 47
7400, 52
5800, 46
7000, 44
10800, 48
5900, 45
9100, 50
6400, 45
13500, 50
6900, 48
6900, 49
6400, 52
8100, 50
7800, 43
7900, 46
7200, 49
10900, 54
7600, 46
7100, 53
14700, 50
9700, 52
7600, 47
7900, 51
9500, 50
10400, 48
7200, 49
41700, 49
27700, 49
10700, 53
10400, 46
10300, 50
14300, 48
8200, 52
10400, 54
10000, 47
10600, 51
5600, 49
58700, 42
17700, 50
15900, 43
13000, 51
10400, 47
11300, 50
11300, 53
11100, 50
7600, 44
16300, 52
11200, 51
5200, 50
4500, 43
72900, 52
15500, 51
11200, 48
13100, 48
10100, 53
9800, 51
12800, 51
7000, 46
12400, 52
10700, 49
7200, 47
4300, 46
6300, 51
8300, 49
21700, 49
17600, 47
7500, 49
12700, 50
14800, 49
8100, 45
12800, 52
8000, 48
9300, 44
9800, 51
6900, 48
10900, 54
9800, 51
16000, 52
52200, 46
16200, 46
11800, 49
14500, 47
7600, 47
7800, 51
13800, 46
9900, 52
9800, 45
7000, 47
9700, 45
8800, 46
6000, 46
8800, 49
12500, 52
8800, 50
10900, 46
13600, 52
8500, 44
8900, 47
4400, 48
8800, 47
8300, 46
7800, 46
7800, 50
10900, 48
6000, 49
7900, 55
9800, 52
10900, 45
6400, 47
9300, 50
15200, 50
8900, 53
10400, 47
7700, 47
11100, 54
5200, 46
7200, 49
11400, 50
10600, 47
6700, 51
7100, 47
7400, 50
10300, 46
9700, 52
10500, 52
12100, 48
17500, 56
8600, 48
11400, 53
278200, 45
19600, 48
14700, 47
14900, 45
11900, 53
10800, 44
13000, 50
19500, 47
11600, 48
7200, 47
13900, 52
10800, 52
8000, 45
10200, 54
13100, 49
15800, 49
5300, 47
9600, 52
6800, 47
11000, 45
9800, 49
13700, 48
8800, 47
12600, 46
12700, 50
7400, 47
7100, 47
15400, 51
8600, 51
11200, 51
6900, 51
9900, 49
8400, 48
7500, 52
11300, 53
8900, 50
5000, 45
7500, 50
9500, 50
13400, 54
6400, 47
8800, 50
12400, 46
9100, 45
8900, 53
10500, 48
13300, 46
5700, 49
4700, 49
16700, 56
6700, 49
7400, 47
8100, 53
7800, 45
10000, 49
9600, 51
6500, 47
6200, 46
11500, 55
9700, 48
12300, 52
6400, 54
13100, 51
9700, 49
8400, 51
9000, 52
10100, 47
8900, 51
5400, 49
41000, 53
22300, 49
25900, 51
17500, 47
8600, 44
8400, 46
22500, 53
6200, 53
9000, 48
17200, 54
7700, 51
8800, 51
8400, 46
18400, 54
7500, 55
11000, 47
10500, 52
5300, 48
8400, 48
6700, 51
7200, 47
7000, 53
15100, 48
7600, 53
9800, 49
11200, 53
7800, 47
6700, 45
7800, 48
10700, 54
10700, 52
7800, 52
18000, 52
12300, 50
9700, 51
9800, 48
72500, 57
15800, 49
6500, 52
9200, 46
5900, 54
7300, 50
8300, 49
9000, 50
9900, 48
9100, 45
6300, 45
9100, 46
12600, 47
10500, 53
6600, 46
6700, 52
9100, 45
8200, 49
9500, 46
12400, 51
11800, 50
12500, 47
10300, 47
10700, 49
7900, 49
5400, 44
9100, 50
7500, 44
8500, 46
6400, 46
5100, 46
9600, 47
9200, 45
11000, 53
4300, 42
11100, 54
7800, 51
7300, 46
7200, 52
11100, 45
7400, 52
8500, 48
12700, 47
10700, 53
12000, 51
9800, 49
8400, 46
6900, 51
9200, 45
15600, 51
11900, 49
11300, 55
13400, 51
5800, 49
7300, 50
6700, 45
10800, 49
9400, 51
9000, 46
14000, 49
8100, 50
9100, 51
8000, 51
5300, 43
5200, 52
6100, 50
8300, 48
7600, 44
5100, 43
5200, 48
10800, 55
7100, 48
8400, 50
6100, 47
11100, 45
4600, 46
8200, 51
5200, 44
10000, 44
18500, 55
9200, 46
7300, 46
9800, 53
8900, 46
8500, 49
9500, 49
10800, 50
9200, 46
6400, 48
7100, 48
7200, 46
10300, 53
10000, 51
8100, 52
7400, 46
6900, 50
9400, 54
6800, 44
6100, 46
5500, 47
12200, 49
9800, 49
7600, 46
12000, 55
8700, 53
7700, 54
9300, 46
8500, 52
7200, 49
7400, 49
8500, 50
13100, 53
7700, 50
5500, 43
10600, 49
9900, 55
6900, 44
10700, 50
6000, 44
8500, 45
7700, 46
10100, 46
10900, 45
7000, 48
6700, 47
12500, 47
10000, 47
4900, 44
9800, 49
5500, 49
6400, 48
7400, 50
10800, 50
6600, 48
7300, 49
8700, 49
10300, 48
5500, 48
6500, 46
7500, 46
7800, 50
13800, 53
8100, 54
6900, 46
8500, 54
7100, 46
7100, 47
7300, 44
6800, 48
5200, 48
9000, 45
8100, 44
6900, 47
6900, 48
6100, 48
5800, 48
4800, 43
10000, 51
5900, 44
8800, 51
6500, 50
7200, 48
6300, 45
9000, 45
11500, 44
7800, 49
9300, 56
12000, 53
8000, 54
7000, 45
12000, 49
5500, 51
6400, 48
6800, 48
7900, 49
6600, 50
6100, 48
7800, 45
10400, 49
7000, 44
6800, 45
7200, 48
8300, 47
8500, 51
7200, 48
7800, 50
8200, 54
8300, 51
6000, 49
9700, 56
8100, 49
9300, 50
5800, 45
7400, 50
7600, 47
6800, 47
14100, 53
5900, 49
4900, 50
6100, 45
10400, 49
9400, 49
12100, 51
9900, 51
7900, 46
5500, 50
7600, 50
11100, 51
7300, 48
8300, 47
6000, 46
9900, 48
7300, 48
9000, 50
9700, 53
8900, 54
8900, 49
7900, 45
10000, 50
13600, 51
10200, 49
8400, 48
9700, 49
9400, 49
6600, 50
8700, 50
8100, 46
6800, 51
7800, 46
10300, 48
6200, 48
5900, 46
6600, 44
10000, 54
8100, 53
7500, 46
11900, 47
7400, 51
6500, 48
7300, 48
11000, 47
5300, 48
7400, 51
7300, 44
6500, 51
7500, 46
6700, 47
8100, 49
5400, 48
6200, 51
6200, 46
8700, 46
7000, 48
8900, 51
7900, 50
8200, 48
9500, 51
9300, 51
11700, 47
11200, 51
7200, 52
5400, 46
7300, 45
7100, 54
6100, 48
8500, 45
6300, 50
9000, 47
7000, 54
8700, 45
9100, 51
6000, 51
7600, 47
7200, 52
7800, 52
6800, 47
5600, 45
6900, 46
5500, 45
7500, 50
8400, 47
5800, 47
12200, 55
5800, 46
8600, 49
4500, 49
5100, 45
11000, 51
8200, 49
15000, 49
6500, 44
8200, 50
6300, 50
7800, 51
8100, 46
7300, 47
8900, 49
5100, 44
10700, 51
7000, 52
9800, 51
9700, 49
6200, 46
7600, 53
5600, 48
10200, 50
8600, 49
8300, 46
8500, 50
10900, 52
5900, 44
6100, 49
6300, 48
7800, 52
9400, 48
6300, 48
5300, 44
8800, 44
6500, 50
6100, 50
6400, 49
7400, 50
5800, 48
6000, 46
5300, 46
8800, 50
10200, 52
8700, 51
7700, 49
9700, 46
8100, 49
7400, 47
7700, 47
13100, 47
8000, 48
6900, 46
7200, 52
10300, 55
7800, 44
7100, 49
10600, 56
6300, 46
6100, 47
7400, 50
8500, 53
6000, 46
9300, 47
6100, 48
6600, 43
5400, 41
6200, 50
8100, 53
9800, 48
11000, 49
7500, 50
9300, 46
8900, 50
4800, 43
8200, 47
10100, 49
7900, 50
6800, 52
7700, 45
12900, 47
7400, 49
9000, 49
8700, 52
8400, 47
11000, 53
14400, 49
7700, 46
7000, 53
7300, 50
11000, 47
10600, 53
7600, 50
10700, 54
5100, 44
5200, 48
7600, 48
8600, 46
7700, 46
6100, 46
6300, 51
8000, 44
5900, 52
8200, 47
7200, 46
9300, 51
8300, 52
6500, 44
10200, 55
9800, 51
6500, 47
6100, 54
9100, 46
6500, 53
5400, 50
8400, 48
8900, 52
6300, 46
7600, 48
7900, 52
8600, 47
6900, 47
6000, 44
5900, 48
8500, 46
6900, 49
8300, 48
6500, 46
8500, 49
10800, 51
11000, 53
9300, 47
8200, 50
5800, 46
9700, 49
9900, 49
5800, 50
7200, 51
6100, 46
10500, 48
6200, 48
6900, 44
7000, 53
11100, 45
5400, 48
6200, 51
9200, 50
9300, 47
3800, 46
6800, 44
7000, 52
9600, 48
7500, 47
6500, 46
11000, 52
7500, 52
8100, 47
7900, 52
9700, 52
8600, 51
6700, 47
7500, 46
7700, 49
5900, 44
8100, 47
9600, 49
7800, 48
6400, 48
6800, 48
6800, 48
14200, 49
8900, 49
7700, 50
9300, 48
8300, 50
8700, 49
7200, 47
13700, 53
9300, 55
6700, 52
8100, 48
9700, 51
7000, 52
8800, 51
7200, 47
7100, 56
7800, 51
11500, 52
6800, 49
7600, 52
7600, 53
10700, 50
6800, 48
5300, 52
7700, 48
9200, 46
9000, 52
8500, 52
8800, 51
11100, 49
5400, 52
7000, 52
8400, 48
5700, 44
7700, 47
12000, 55
6300, 46
17300, 55
8300, 48
8500, 47
6100, 50
8100, 47
9700, 47
13300, 49
6900, 50
6400, 46
9400, 52
5900, 52
7400, 53
7200, 47
7500, 52
7200, 52
7300, 52
6600, 50
8700, 48
8500, 47
5600, 50
5300, 50
8500, 50
7600, 48
9300, 49
7900, 49
7900, 48
5600, 45
7400, 52
6100, 48
4300, 39
8500, 49
7200, 46
8100, 45
4900, 44
7100, 48
5400, 48
12300, 55
12100, 53
6200, 50
16900, 57
4900, 43
6500, 52
9300, 50
7600, 50
5600, 48
8300, 50
6000, 43
8400, 49
5600, 48
8600, 50
11100, 52
7500, 50
5200, 45
6500, 50
12500, 51
7500, 49
5600, 46
8200, 51
5400, 51
6900, 52
6400, 48
7800, 45
5900, 46
8900, 47
7200, 46
7800, 46
7000, 54
6500, 50
6100, 54
9800, 47
6300, 48
6600, 46
6200, 48
10800, 52
6300, 47
11300, 51
10300, 47
6600, 44
6400, 49
5300, 47
12300, 55
7500, 48
10900, 55
10100, 49
4800, 43
6700, 52
7800, 45
8000, 48
9800, 51
6900, 48
8400, 48
7800, 49
7100, 46
6700, 49
9200, 52
7900, 52
6600, 50
6000, 46
8200, 48
9000, 51
8100, 47
5600, 46
10800, 51
9400, 55
7300, 55
8000, 54
6500, 48
11500, 51
10400, 53
9500, 51
6200, 50
6400, 52
7000, 47
7200, 46
8600, 44
8800, 49
8700, 48
7900, 48
5800, 48
5600, 46
9400, 54
5200, 45
6800, 46
7600, 46
9900, 55
6000, 44
5300, 44
9500, 50
10900, 55
10700, 49
7100, 48
7700, 51
9300, 52
6000, 55
8600, 49
7500, 50
8600, 53
5400, 41
7400, 51
8100, 50
6700, 45
6600, 48
7600, 47
8900, 48
5700, 56
6200, 50
9400, 45
8000, 54
11200, 51
7400, 44
5200, 49
11600, 48
5900, 56
7900, 53
7800, 54
7000, 47
5200, 41
9800, 53
7900, 52
8900, 48
6400, 48
6100, 50
6900, 51
9300, 46
6700, 46
7700, 49
6300, 45
7800, 47
12100, 48
7000, 45
14800, 57
9300, 47
8700, 51
11100, 49
6400, 46
16200, 51
8300, 48
8100, 53
4800, 54
7400, 48
8200, 52
7300, 49
5700, 52
8100, 48
8100, 49
7600, 46
7100, 48
8300, 48
6100, 50
6500, 48
7700, 52
9100, 46
8600, 51
8700, 50
8300, 47
10300, 50
9200, 51
7300, 46
10900, 47
10200, 47
6300, 48
6400, 48
14500, 55
7500, 49
8700, 50
4700, 44
14100, 53
7500, 47
6600, 48
7100, 44
5500, 44
10900, 51
9900, 49
9400, 52
6500, 46
7400, 48
8900, 49
7600, 48
5500, 48
8200, 47
7800, 54
8300, 50
8400, 53
7600, 50
8900, 54
6900, 50
5600, 46
7500, 46
9200, 49
8200, 50
5800, 43
7100, 50
10200, 53
8700, 49
10100, 46
6500, 50
11000, 48
6400, 46
8300, 49
9200, 53
9700, 45
7600, 48
7500, 47
6100, 47
14900, 51
6900, 46
8900, 47
8500, 46
8000, 54
11500, 56
9400, 49
9100, 50
10100, 51
7500, 49
8000, 48
10400, 48
8600, 52
8900, 51
10600, 49
12300, 47
10900, 51
11900, 49
8400, 47
9100, 55
9100, 55
6600, 45
10700, 53
13500, 47
5000, 44
8000, 47
10100, 48
8000, 52
6900, 48
7200, 50
8900, 52
8800, 48
11200, 51
10300, 50
8600, 50
14400, 51
9000, 48
9900, 49
8300, 46
8000, 48
9700, 49
14700, 51
11300, 51
10400, 45
4400, 41
109900, 51
20500, 48
9900, 50
6800, 46
13400, 54
11600, 52
9800, 56
9700, 52
12100, 46
9500, 48
9600, 51
11200, 47
10700, 48
14700, 57
9400, 54
12100, 48
11200, 50
11600, 50
11200, 50
37200, 47
11100, 53
11900, 47
10800, 50
7800, 50
6400, 49
8700, 47
9300, 43
7300, 46
13100, 51
12300, 45
10900, 41
10300, 45
11800, 53
8600, 49
8800, 48
11900, 49
7000, 50
22400, 51
7900, 50
7500, 47
12600, 51
12600, 49
8100, 48
9700, 50
14300, 51
8200, 49
9300, 53
16700, 53
9900, 50
7700, 54
10100, 53
9600, 52
14300, 49
9300, 48
12500, 51
8400, 49
6400, 50
11300, 53
9200, 46
6300, 51
10800, 50
9800, 52
13400, 47
9900, 50
9000, 46
6900, 48
9900, 49
11000, 47
10200, 48
6500, 45
8600, 49
7000, 49
8900, 46
11500, 52
7400, 45
6600, 47
7800, 50
17600, 47
8600, 48
14800, 51
8700, 48
9200, 47
19000, 55
10800, 53
10900, 50
14300, 51
8600, 48
8900, 49
7000, 44
8600, 46
25800, 50
19700, 46
16100, 47
7500, 47
9200, 47
10900, 47
10000, 54
8600, 46
9900, 47
9100, 46
8300, 46
10200, 48
7500, 46
10400, 50
11700, 51
10500, 45
10600, 50
13800, 51
9500, 49
10000, 49
5800, 46
12800, 50
6700, 46
10200, 45
10000, 48
12900, 49
12700, 48
11300, 52
9600, 47
17300, 52
41800, 53
8200, 48
8500, 44
7600, 52
8000, 50
11600, 47
7100, 45
8600, 42
11800, 50
10700, 45
6500, 46
9100, 51
11400, 45
7600, 44
5000, 45
8400, 50
10800, 50
9900, 48
6900, 53
11700, 49
6300, 47
6200, 47
7300, 45
13200, 53
6300, 48
11900, 53
14200, 53
6100, 48
8100, 54
12700, 49
9500, 53
6700, 46
9900, 47
7600, 49
8000, 50
5500, 48
10700, 50
10400, 52
7100, 46
5300, 47
4400, 48
10300, 48
8600, 51
8500, 49
10500, 54
8300, 48
6300, 50
6600, 48
10700, 48
6100, 46
19500, 51
6900, 46
10300, 52
17900, 55
8000, 46
6800, 46
10800, 49
7200, 48
5100, 46
6500, 46
12200, 51
10200, 49
5600, 46
11800, 50
6500, 45
5600, 43
7400, 46
13500, 47
9200, 50
7000, 45
7000, 50
11400, 43
8100, 47
9800, 51
12900, 50
7500, 53
10700, 52
5800, 47
10500, 47
7100, 51
13300, 51
11500, 52
6400, 50
7900, 48
7300, 53
10600, 52
7400, 48
11100, 49
10400, 51
8300, 46
9200, 49
6100, 49
10000, 41
8100, 47
9200, 49
30500, 51
14300, 48
5200, 44
5700, 49
11800, 47
11200, 51
11400, 53
10000, 53
9300, 47
9000, 47
57700, 52
42100, 49
15100, 44
8700, 47
13000, 51
12700, 41
8000, 50
7500, 47
7300, 46
12700, 46
10100, 50
12100, 53
10400, 51
8100, 48
6300, 44
9100, 46
10600, 49
12200, 51
6000, 48
12100, 50
16800, 51
12000, 49
12100, 47
8100, 50
12300, 49
5600, 50
10100, 47
9200, 47
4900, 48
11400, 51
7000, 47
7600, 45
11600, 55
12600, 52
12700, 45
5600, 43
11000, 51
14500, 57
11500, 50
10000, 49
13100, 53
16300, 51
6300, 46
10600, 49
9700, 49
13400, 52
9800, 50
5300, 46
12200, 50
7300, 50
10500, 47
8700, 49
12200, 50
5900, 47
8200, 48
19000, 55
5300, 41
12700, 49
7100, 48
11300, 48
7200, 48
8100, 48
9400, 51
9000, 49
8400, 47
6400, 47
16700, 53
7100, 50
8900, 48
9400, 50
12400, 53
10600, 50
9700, 51
8600, 46
11100, 51
8900, 48
6600, 50
8000, 46
19700, 50
6600, 47
15800, 51
13200, 49
7600, 50
21000, 55
8800, 48
8600, 52
6500, 48
10000, 46
9600, 52
7700, 48
5900, 48
10500, 51
9600, 48
8000, 46
7700, 48
9200, 50
9400, 49
11200, 56
13300, 49
10100, 47
5600, 46
6700, 50
9800, 45
6000, 46
6100, 44
6600, 48
10700, 52
4600, 46
8900, 48
5000, 45
6800, 46
12200, 51
9100, 46
8900, 47
12300, 51
11700, 51
7400, 48
6800, 46
11100, 51
8000, 53
7800, 49
8500, 47
8900, 46
8200, 48
15400, 55
14500, 53
8800, 50
8800, 48
9600, 53
10000, 47
10500, 47
7100, 50
11400, 51
8500, 51
10400, 51
9300, 50
6000, 50
6500, 44
6900, 46
11700, 50
7500, 49
8900, 49
10800, 52
8800, 49
7200, 50
10300, 47
6800, 45
10400, 52
6100, 56
5000, 50
6300, 47
6700, 50
4900, 46
14700, 49
4400, 46
9100, 48
5400, 51
5400, 54
5600, 48
6700, 47
6800, 51
6600, 49
11400, 49
4200, 48
6100, 48
8700, 49
7000, 51
3800, 45
8000, 49
6500, 53
2900, 50
5400, 46
5600, 46
5100, 50
5400, 54
6800, 45
10900, 51
4400, 46
9000, 49
7500, 49
5900, 46
5400, 48
5000, 48
6800, 50
5600, 47
9300, 53
6200, 49
4400, 45
6600, 49
4500, 54
6300, 47
4900, 51
4100, 44
4600, 48
5500, 46
6600, 51
4200, 50
6100, 43
4700, 48
4200, 45
3100, 48
7800, 49
4700, 51
3800, 44
5300, 49
3300, 45
6600, 47
3500, 50
4600, 50
6500, 51
4500, 47
4000, 50
6500, 48
4900, 48
5400, 46
10200, 49
5400, 51
5500, 51
4800, 50
8900, 53
5300, 50
3400, 49
11400, 55
5800, 56
11400, 57
5500, 46
3200, 48
4500, 46
6700, 49
8000, 53
6600, 51
3500, 48
4600, 47
4700, 52
6400, 51
5600, 49
6800, 47
7400, 53
3500, 46
5500, 50
3700, 46
3900, 46
3500, 48
6000, 47
4000, 46
2900, 48
5500, 50
6300, 52
5800, 47
5600, 48
7100, 52
10300, 49
8000, 50
5900, 46
6100, 48
9500, 49
7900, 54
6000, 44
6200, 48
7200, 52
6600, 49
5400, 47
5800, 44
4700, 48
3800, 46
7300, 51
6700, 48
6500, 49
3400, 45
4400, 44
5400, 50
4400, 47
3600, 46
5100, 49
5300, 44
4300, 48
4800, 49
4200, 44
6900, 56
8700, 55
3900, 50
4600, 49
3500, 50
4400, 46
4200, 48
5400, 46
5600, 51
4600, 47
6200, 50
6600, 49
6700, 53
5300, 46
6500, 52
3800, 51
3800, 48
4100, 52
6500, 48
3200, 45
3400, 45
7200, 51
6700, 53
5100, 55
5500, 45
8700, 51
3600, 50
7800, 51
5400, 47
3500, 56
4700, 49
4500, 52
6400, 48
5400, 54
6200, 49
8000, 56
5400, 48
5000, 52
4400, 48
3100, 50
5500, 49
3800, 50
4300, 48
7700, 51
11200, 49
4200, 44
7200, 47
9800, 47
6000, 48
4700, 45
8700, 49
5500, 46
6000, 44
8300, 49
9600, 46
11800, 53
11600, 54
12300, 51
10300, 49
7100, 48
7200, 49
24100, 55
9000, 47
5700, 47
8900, 49
9100, 51
10200, 51
13100, 53
5700, 41
7700, 50
14000, 51
9100, 49
8300, 44
7100, 47
8300, 56
6000, 54
8100, 45
9800, 48
9800, 50
8800, 48
7300, 47
7600, 44
7100, 48
8200, 47
12600, 53
9500, 49
9100, 54
7000, 50
9100, 49
10300, 49
5000, 43
16500, 49
15400, 52
8600, 51
8100, 44
9100, 51
8100, 49
5700, 49
10200, 51
8400, 48
7400, 47
4700, 46
6100, 46
10200, 49
6500, 53
10000, 54
15400, 55
6900, 48
5100, 52
6900, 52
10000, 49
8100, 48
9200, 48
6000, 44
7800, 50
10000, 49
10500, 54
9500, 51
12300, 53
12900, 53
11800, 51
10900, 50
7200, 51
8200, 49
7100, 50
6500, 46
5900, 46
8600, 48
11400, 51
7800, 51
8200, 53
17500, 52
9200, 49
9000, 51
5400, 48
9900, 52
11100, 49
8800, 47
9000, 49
9300, 48
8900, 47
7100, 48
9300, 51
7200, 51
7400, 45
13200, 49
8100, 54
8800, 52
7700, 50
9000, 45
9200, 50
7700, 52
7000, 52
15000, 50
11700, 52
11300, 49
9700, 48
8900, 50
17100, 57
5800, 46
23100, 49
8300, 48
7200, 46
3900, 50
9000, 47
3300, 48
5800, 48
8000, 51
5700, 46
8300, 48
6400, 52
6900, 49
6400, 49
5500, 53
4600, 50
5300, 49
4900, 48
5800, 53
6400, 44
6000, 48
5800, 52
3900, 46
6900, 51
3800, 45
6000, 49
4200, 44
6100, 48
6100, 47
10500, 45
9400, 55
5000, 45
4200, 46
3500, 48
6600, 47
1900, 43
5000, 44
3100, 48
5800, 49
3600, 48
4100, 50
5300, 50
4900, 48
3000, 52
9600, 53
5300, 47
4700, 51
5700, 54
4200, 54
6800, 51
3100, 48
4900, 48
5100, 50
6100, 51
4700, 50
6400, 49
4500, 49
3000, 48
3200, 46
4000, 50
3100, 50
5000, 52
4500, 46
4100, 48
4100, 49
5800, 45
5600, 49
5400, 48
8400, 51
5800, 52
2600, 47
4600, 48
6200, 45
5700, 50
6400, 47
6500, 51
6200, 49
6900, 45
3200, 41
4100, 52
9700, 54
5700, 52
4000, 50
5900, 51
5900, 50
2900, 49
4400, 51
8200, 51
4900, 47
3500, 51
7600, 53
4700, 49
6900, 49
7400, 48
5500, 44
5600, 50
4300, 45
6300, 49
7300, 49
3300, 50
6200, 53
9200, 49
6800, 49
5200, 46
7800, 48
10700, 48
8700, 48
8200, 52
13300, 49
11100, 50
10400, 48
8500, 48
8000, 49
7300, 51
4000, 50
5500, 48
9400, 50
9400, 50
6900, 46
6500, 52
15800, 57
4700, 41
6000, 50
8700, 52
8900, 49
9400, 50
9800, 49
11500, 51
5400, 51
11300, 51
6600, 51
15900, 46
5600, 43
6800, 49
10400, 49
13900, 51
7700, 44
10100, 49
10600, 47
9000, 49
12200, 49
12400, 46
6600, 48
8300, 46
9200, 50
5100, 46
5900, 46
8700, 48
8300, 52
5200, 49
12900, 57
6100, 46
7700, 56
19100, 48
5500, 47
8700, 49
16900, 55
10000, 50
8400, 48
8300, 50
14100, 52
10300, 48
7000, 46
19600, 57
5300, 44
8300, 45
7300, 52
7500, 47
8900, 54
7900, 48
10200, 51
11200, 50
7900, 52
8300, 49
7100, 45
8300, 50
9500, 46
11300, 49
16700, 53
8600, 55
10300, 50
9300, 51
8600, 50
8600, 51
5900, 47
10300, 47
10000, 51
9800, 54
6500, 50
10600, 48
9400, 52
15500, 53
6400, 54
11600, 51
8600, 52
12100, 48
9200, 54
7000, 50
8600, 50
9700, 51
14300, 53
12100, 47
18300, 50
8700, 48
11100, 51
10700, 52
8300, 44
14700, 51
9900, 51
10800, 49
10500, 49
6800, 47
11000, 53
5600, 47
17000, 47
8200, 46
9000, 49
7600, 44
16200, 51
7800, 46
6500, 44
7400, 48
7900, 48
5400, 50
11100, 51
11600, 49
8100, 50
5800, 50
11600, 51
11700, 51
11600, 49
8600, 47
8100, 49
7900, 54
6400, 47
13100, 53
6900, 46
8900, 49
9100, 50
9100, 51
12200, 53
9000, 47
7700, 51
12400, 51
6800, 46
7600, 49
8400, 52
6800, 48
9400, 51
8400, 53
12100, 51
8700, 47
9300, 55
10800, 49
11300, 51
8500, 49
7700, 52
12000, 50
6900, 50
7700, 46
8500, 51
8600, 47
8100, 46
9200, 52
7900, 55
13100, 52
8400, 51
6900, 46
7800, 50
12000, 49
6800, 52
10200, 51
10100, 51
9700, 47
17300, 55
11500, 48
5400, 49
7700, 51
14500, 51
7500, 48
6900, 52
5400, 45
9000, 49
7400, 50
6800, 49
7500, 46
10500, 46
7800, 51
7200, 47
3800, 49
7700, 50
5900, 49
5900, 46
10800, 49
14200, 53
6100, 48
5300, 50
9100, 51
8100, 50
6300, 52
11100, 57
10000, 49
7700, 46
5900, 52
10700, 50
6600, 47
9600, 56
10900, 51
7400, 48
5400, 46
7100, 50
6500, 47
11100, 46
5200, 52
7800, 54
7500, 52
8300, 52
8300, 52
7100, 52
6900, 46
9700, 54
6600, 49
7400, 52
7400, 47
11000, 55
7200, 50
6200, 46
14300, 51
6700, 50
8300, 45
6800, 51
9500, 45
7000, 53
8100, 50
8000, 46
10400, 52
7400, 45
7800, 50
11500, 53
5200, 46
9200, 55
7900, 49
9300, 50
12400, 49
6100, 52
7600, 52
7700, 49
6100, 49
8200, 49
7300, 48
8500, 54
10600, 53
8600, 45
9100, 48
8100, 49
6400, 46
10200, 51
7100, 50
11400, 53
10700, 53
8100, 52
6700, 55
13500, 51
6700, 48
8600, 46
6700, 49
14000, 53
4600, 48
8700, 51
5000, 43
9100, 52
7900, 52
5800, 43
12400, 47
8500, 52
7100, 52
6400, 52
7200, 52
9700, 44
5300, 50
8100, 47
7800, 49
13200, 50
7700, 48
7100, 47
12400, 47
5500, 50
9100, 48
9500, 49
13100, 52
8400, 52
8000, 47
4800, 52
8400, 44
6300, 48
9600, 49
6300, 51
6800, 51
6700, 50
5600, 47
11700, 51
7100, 51
10200, 51
7400, 54
7500, 55
10400, 50
6100, 49
11400, 49
8400, 49
9100, 49
7600, 44
8700, 49
7400, 49
9800, 49
9400, 50
10800, 57
7900, 50
9000, 51
9700, 49
9700, 52
7400, 50
7100, 43
12600, 48
8500, 53
8400, 49
11600, 46
6400, 51
6900, 50
6500, 47
10100, 45
5800, 51
9500, 51
10500, 55
7200, 49
8300, 47
6300, 50
8100, 46
7400, 52
12500, 51
8600, 45
7900, 45
6900, 48
10600, 53
12700, 53
6500, 48
5400, 49
14500, 51
7200, 52
8400, 47
8400, 51
9300, 47
8700, 50
7600, 50
12100, 48
7900, 51
5600, 46
6500, 48
9000, 44
5600, 45
8900, 51
14600, 51
5600, 49
7800, 48
8200, 48
6600, 47
5200, 52
7300, 51
6100, 45
13400, 51
6300, 50
6000, 46
15400, 51
6100, 50
7700, 50
8400, 49
10200, 48
6800, 54
6700, 52
6800, 52
13300, 52
8200, 49
6000, 47
7600, 47
8000, 51
9600, 51
7600, 51
8000, 50
7600, 50
6200, 50
7500, 50
8400, 46
7200, 49
8000, 48
8600, 52
7800, 50
17500, 59
5800, 49
6400, 48
7700, 46
8300, 51
11900, 49
7200, 47
12300, 55
10600, 49
10900, 51
9200, 51
8700, 50
12600, 52
7800, 45
8400, 53
13700, 51
6900, 45
9200, 49
6200, 52
9400, 48
7200, 48
5000, 47
14800, 49
6700, 44
6400, 48
7700, 50
7000, 46
11700, 49
8100, 52
6900, 48
10900, 48
6800, 50
8100, 50
6900, 48
14400, 53
5900, 50
8200, 49
7500, 48
7900, 53
7600, 48
5600, 48
9000, 47
5100, 43
6800, 47
9300, 51
6700, 48
12100, 50
8600, 52
6100, 50
9800, 48
6100, 51
6000, 45
9300, 50
6700, 46
7500, 51
6200, 49
8800, 53
6700, 46
7200, 48
5500, 46
9600, 52
7100, 51
6700, 48
5600, 48
9100, 50
7100, 49
7900, 47
5900, 46
9400, 48
5900, 49
8400, 47
6600, 48
11800, 50
5500, 49
5200, 50
6900, 49
11000, 51
8000, 48
7200, 47
10900, 51
7600, 51
7400, 51
7500, 52
8700, 48
9000, 49
10700, 51
9300, 51
9100, 50
9300, 52
5200, 44
6000, 52
11400, 52
6300, 47
6100, 46
6100, 46
12200, 48
6600, 49
7400, 47
10900, 50
8500, 49
7500, 48
4200, 47
9000, 48
8300, 56
7200, 52
8600, 53
8600, 49
6600, 46
7500, 52
5500, 46
8600, 47
8100, 52
5100, 49
7600, 48
6500, 52
5900, 50
8300, 48
6900, 48
9200, 51
8300, 47
6700, 47
8700, 51
13500, 53
7100, 50
9500, 49
8300, 52
11900, 54
7400, 43
8600, 47
8300, 48
8100, 47
8300, 49
6600, 51
11000, 50
7800, 50
8000, 50
7500, 48
8400, 50
8000, 48
7600, 50
6700, 48
12500, 52
8100, 49
8000, 52
9100, 49
8600, 48
5400, 48
6400, 50
9500, 54
11500, 51
5600, 49
6500, 50
12400, 53
8100, 46
8700, 49
7500, 51
11800, 51
11600, 51
7500, 48
7900, 48
8100, 49
7300, 46
9100, 50
8500, 47
8100, 47
6600, 44
10400, 51
9100, 50
9600, 50
7100, 48
10100, 52
10700, 48
7700, 50
6100, 49
5700, 49
8100, 52
11900, 46
8800, 53
8200, 49
9200, 52
7000, 48
6600, 50
6600, 49
8100, 47
8100, 52
7800, 51
6400, 49
12900, 55
7000, 50
7100, 54
9200, 50
4700, 50
7600, 46
7100, 51
12100, 53
7500, 47
6900, 50
4800, 50
8300, 49
6200, 54
6500, 47
12900, 53
8400, 47
7300, 53
6500, 52
7300, 48
5100, 51
8400, 47
9100, 50
10100, 51
9000, 53
8600, 51
9600, 53
5800, 47
6900, 52
10300, 48
5100, 50
7900, 50
11000, 51
6400, 50
6800, 48
6700, 48
6900, 47
8300, 46
9300, 55
8400, 49
10900, 47
7400, 48
5200, 45
17200, 51
7000, 50
7600, 50
11800, 49
12000, 47
6800, 51
7200, 51
8300, 48
4900, 48
6200, 52
9800, 51
9900, 49
7500, 51
6200, 43
12100, 55
9000, 47
8300, 51
6700, 44
9300, 50
8300, 48
7100, 50
6500, 49
10100, 52
7400, 52
10200, 55
6300, 45
7400, 48
7100, 50
5600, 46
11600, 45
6900, 51
6400, 48
8800, 49
9500, 50
8000, 52
7500, 50
11000, 53
8100, 46
7900, 53
6800, 48
4300, 49
8200, 47
7500, 53
7500, 49
11900, 51
7400, 52
10000, 55
8500, 49
9300, 51
8600, 53
5900, 50
12600, 49
6000, 48
7500, 52
6000, 52
8500, 50
6200, 52
7100, 45
5800, 46
15100, 46
10100, 47
6600, 52
13600, 53
10400, 52
6200, 47
7200, 48
19800, 53
11200, 53
8700, 53
8800, 52
7300, 52
8600, 46
7800, 46
8900, 50
11500, 46
6400, 48
13400, 57
9600, 47
9900, 49
6500, 46
9200, 48
15100, 54
12000, 53
7600, 47
11700, 50
6700, 46
15400, 53
11700, 51
11400, 52
7000, 46
8000, 50
14400, 51
6900, 43
9300, 54
6700, 42
9800, 47
8000, 53
8600, 50
7400, 46
11800, 51
8600, 50
7700, 48
13700, 52
6300, 45
8700, 52
7800, 48
5400, 52
10500, 47
7400, 52
6700, 48
8000, 50
14700, 53
9700, 54
7000, 47
8700, 50
8300, 48
5200, 43
7400, 48
10100, 49
7600, 46
9800, 53
7900, 48
9200, 51
9100, 53
11100, 53
10000, 52
6400, 48
7600, 46
9300, 51
7700, 52
9500, 50
7800, 49
9100, 50
5600, 50
9100, 53
6700, 48
9700, 49
6800, 49
8000, 50
7700, 50
9400, 48
9500, 51
7500, 48
12700, 47
6500, 48
7000, 48
8100, 52
8000, 52
11300, 51
6600, 50
6700, 49
10100, 51
6800, 52
8000, 51
6100, 45
15700, 51
8800, 47
7100, 47
15300, 49
5400, 43
68400, 48
38900, 50
33000, 52
31100, 48
21300, 48
17200, 52
13900, 51
7100, 52
7700, 52
6500, 48
12900, 47
6100, 52
27400, 51
15000, 57
14100, 53
10100, 54
7400, 50
11200, 47
6500, 46
8900, 50
9900, 53
6900, 45
11900, 53
7400, 48
10000, 46
5000, 47
8400, 46
6100, 49
9200, 50
8200, 52
9900, 51
8700, 50
9800, 50
6300, 48
6400, 47
11400, 49
10500, 53
5600, 54
8900, 45
7800, 50
10000, 48
9800, 53
6100, 50
10000, 51
6900, 45
10400, 47
7100, 48
9800, 52
13200, 51
10000, 53
6700, 50
13200, 49
6700, 51
6100, 52
11400, 51
12100, 53
8100, 50
6300, 47
7900, 53
6600, 48
6200, 46
7700, 50
9500, 50
5900, 47
7500, 50
13800, 51
10100, 48
6700, 48
10400, 55
7900, 47
7600, 49
7200, 53
7000, 47
7200, 48
9100, 52
6800, 47
7200, 47
9000, 46
8900, 45
12400, 53
9400, 49
11000, 53
12500, 51
11200, 50
10700, 54
7100, 48
6400, 54
12400, 50
9100, 48
4100, 51
9000, 48
12000, 55
7500, 52
13700, 49
33000, 49
10100, 51
5800, 50
6200, 49
11500, 49
6200, 52
4000, 48
4000, 45
8100, 51
7500, 53
4600, 49
7200, 52
5200, 50
6100, 54
5400, 48
9300, 53
6400, 52
6100, 50
4600, 44
6400, 50
8800, 53
6200, 48
6100, 48
8700, 51
6400, 45
6300, 48
6800, 51
8200, 46
5300, 50
7000, 53
6200, 47
6200, 44
5200, 49
5300, 46
6400, 52
6700, 43
5700, 51
5300, 50
4100, 48
11100, 49
4700, 46
6100, 47
6800, 51
7700, 48
5700, 51
8100, 45
9100, 52
6400, 51
7000, 49
16500, 51
7400, 49
6900, 53
4300, 46
6800, 43
8600, 54
7200, 53
6100, 47
11400, 49
4700, 55
5100, 50
10700, 53
6600, 50
7500, 53
4700, 49
6700, 48
6300, 51
5000, 46
5500, 54
7500, 50
4000, 46
5900, 52
6000, 48
6700, 46
3800, 46
5300, 51
6400, 50
8400, 49
4600, 49
6700, 50
5300, 52
9100, 52
5800, 55
5100, 48
8100, 49
5600, 52
4800, 46
6200, 51
8800, 53
4700, 48
5600, 50
4500, 46
9400, 53
4800, 46
5800, 50
6100, 53
7400, 48
4500, 48
5200, 52
8600, 53
6900, 50
6000, 47
3700, 48
6300, 51
4400, 50
7000, 56
7600, 49
5500, 48
4500, 52
5200, 52
7300, 53
11800, 51
5200, 47
6200, 49
5300, 48
7500, 47
4200, 47
6200, 47
8800, 50
5200, 52
5400, 54
7000, 46
9000, 50
4600, 52
6400, 43
5900, 48
6400, 48
13000, 52
5700, 49
6500, 50
6900, 47
4700, 46
5400, 50
5700, 51
5000, 52
8500, 53
6300, 52
4400, 48
6200, 48
4500, 45
6100, 47
5100, 50
7800, 52
6000, 49
7400, 47
7600, 48
4200, 45
7600, 50
6400, 48
9400, 52
5800, 54
6600, 47
6800, 51
8400, 50
7400, 52
7000, 49
4500, 48
7300, 46
6000, 52
5400, 47
7400, 51
7800, 52
6900, 52
7400, 50
10900, 49
4600, 48
7600, 49
6700, 50
7700, 47
7600, 53
6300, 49
5600, 54
8900, 57
6500, 47
7400, 51
8500, 52
5300, 48
4900, 48
6300, 50
6500, 48
5000, 48
6800, 48
6200, 49
9100, 48
6100, 49
5700, 54
6400, 49
9600, 52
6300, 49
5200, 48
6700, 52
9100, 49
4200, 48
5200, 47
6700, 49
7100, 51
4400, 48
10400, 54
8200, 50
6100, 50
7600, 51
6500, 51
11100, 53
7000, 51
7500, 51
8500, 50
5200, 48
5500, 52
6400, 50
10600, 51
5800, 50
7200, 54
6400, 50
8600, 49
7000, 52
6400, 49
11200, 51
7100, 49
4700, 48
6700, 52
8100, 50
6600, 50
5700, 50
6900, 49
7400, 52
6600, 51
8800, 49
5100, 52
10700, 50
5400, 44
7400, 53
6500, 49
4700, 48
5100, 51
5700, 53
9000, 51
4500, 50
6400, 53
9400, 48
5300, 50
6800, 53
4900, 49
4500, 47
4800, 48
4500, 48
3300, 50
4000, 50
6300, 45
5800, 51
7800, 49
7800, 52
5500, 47
6300, 48
7000, 52
4800, 49
6900, 47
5400, 46
